0 0.25234375 0.37265625 0.0734375 0.0296875
0 0.1453125 0.43125 0.0578125 0.04296875
0 0.2828125 0.5109375 0.07421875 0.0328125
0 0.3234375 0.54296875 0.0296875 0.0484375
0 0.20390625 0.63671875 0.03515625 0.0140625
0 0.290625 0.68671875 0.0390625 0.04296875
0 0.396875 0.7234375 0.046875 0.034375
0 0.321875 0.74140625 0.04375 0.015625
0 0.3359375 0.76171875 0.02265625 0.01796875
0 0.45390625 0.7765625 0.0328125 0.021875
0 0.6359375 0.47421875 0.0421875 0.03359375
0 0.67265625 0.48671875 0.0390625 0.0296875
0 0.7875 0.42421875 0.04140625 0.025
0 0.58359375 0.340625 0.0484375 0.0234375
0 0.6265625 0.35625 0.03671875 0.0265625
0 0.58984375 0.3 0.02890625 0.01875
0 0.4875 0.96171875 0.01953125 0.021875
0 0.8828125 0.503125 0.03984375 0.021875
0 0.97578125 0.53125 0.034375 0.028125
0 0.87578125 0.43671875 0.01484375 0.01015625
0 0.70859375 0.3671875 0.02109375 0.0125
0 0.71171875 0.39609375 0.01328125 0.0125
0 0.96484375 0.2703125 0.04453125 0.0140625
0 0.928125 0.28671875 0.02421875 0.01328125