2 0.0083453125 0.15233125 0.41474687499999996 0.1879890625 0.3036546875 0.028464062499999998 0.0003515625 0.0051640625 0.0083453125 0.15233125
2 0.6265625 0.037790625 0.45189531250000003 0.056439062500000005 0.33873125000000004 0.20295312499999998 0.537728125 0.14525 0.6265625 0.039001562499999996 0.6265625 0.037790625
2 0.558209375 0.2046875 0.5585921875000001 0.2046875 0.667878125 0.1818515625 0.7484375 0.0977421875 0.7484375 0.096875 0.74285625 0.096875 0.6506937500000001 0.09825625 0.558209375 0.2046875
2 0.778821875 0.34620937500000004 0.8647390625 0.3232765625 0.757203125 0.218228125 0.6695765625 0.21855625 0.778821875 0.34620937500000004
2 0.7625 0.38941875000000004 0.6239625 0.203125 0.623959375 0.203125 0.46044062500000005 0.24603125 0.5774 0.38437031250000003 0.7625 0.392103125 0.7625 0.38941875000000004
2 0.7748796875 0.6609375 0.9278203125 0.6142109375 0.7333421875 0.364996875 0.6174921875 0.49519843750000003 0.7657499999999999 0.6609375 0.7748796875 0.6609375
2 0.48349374999999994 1 0.5808265625 0.9986609375000001 0.7984375 0.5418125 0.7984375 0.541259375 0.38515625 0.4237 0.38604375 0.42229687499999996 0.1875 0.68309375 0.1875 0.6836562500000001 0.4731640625 1 0.48349374999999994 1
2 0.790625 0.4591484375 0.844184375 0.521875 0.8449796875000001 0.521875 0.9921875 0.3614671875 0.9921875 0.360934375 0.9072046874999999 0.3344203125 0.790625 0.45830000000000004 0.790625 0.4591484375
2 0.0021921875 0.9958578125 0.332559375 0.9973375000000001 0.1307921875 0.55495 0.0001390625 0.590528125 0.0021921875 0.9958578125
2 0.0010828125 0.5495390625 0.1089390625 0.5257562499999999 0.0033015625 0.2580671875 0.0010828125 0.5495390625
2 0.41869531249999997 0.509375 0.575 0.1803109375 0.575 0.178278125 0.1464046875 0.20337187499999998 0.00838125 0.39719375 0.41760156249999997 0.509375 0.41869531249999997 0.509375
0 0.20625 0.33515625 0.078125 0.0828125
0 0.3515625 0.27265625 0.04609375 0.0609375
0 0.165625 0.209375 0.103125 0.0875
0 0.61875 0.67265625 0.10625 0.1828125
0 0.80390625 0.5859375 0.0671875 0.128125
0 0.68515625 0.41171875 0.0640625 0.0609375
2 0.05859375 0.8 0.0953125 0.146875
0 0.5515625 0.2296875 0.053125 0.0875
0 0.4296875 0.6078125 0.115625 0.065625
0 0.59296875 0.51640625 0.0671875 0.0671875
0 0.4984375 0.54609375 0.08125 0.0984375
0 0.690625 0.6453125 0.071875 0.134375
0 0.0375 0.4125 0.05625 0.134375