0 0.76015625 0.7171875 0.1265625 0.14765625
0 0.821875 0.584375 0.06171875 0.05078125
0 0.18125 0.928125 0.15625 0.09453125
0 0.23046875 0.384375 0.0796875 0.08984375
0 0.459375 0.40625 0.06875 0.06328125
0 0.85 0.89375 0.05390625 0.090625
0 0.2296875 0.69765625 0.1375 0.1203125
0 0.9171875 0.175 0.05234375 0.03046875
0 0.66015625 0.24375 0.0578125 0.03671875
0 0.290625 0.17109375 0.04453125 0.0390625
0 0.0421875 0.69765625 0.04765625 0.0984375
0 0.1390625 0.4859375 0.06640625 0.090625
0 0.1375 0.278125 0.04765625 0.071875
0 0.9296875 0.59921875 0.06953125 0.2015625
0 0.8125 0.159375 0.034375 0.10234375
0 0.43125 0.01953125 0.05859375 0.0390625
0 0.5703125 0.021875 0.08984375 0.040625
0 0.5859375 0.6890625 0.07890625 0.134375
0 0.2609375 0.48984375 0.059375 0.0546875
0 0.06875 0.2828125 0.02734375 0.02890625
0 0.1265625 0.203125 0.03828125 0.03984375
0 0.365625 0.9578125 0.05078125 0.06640625
0 0.9234375 0.3546875 0.06171875 0.090625
0 0.3296875 0.41796875 0.06796875 0.0984375
0 0.0453125 0.91171875 0.04296875 0.0484375