0 0.47734375 0.2046875 0.11953125 0.08828125
0 0.94296875 0.37578125 0.1140625 0.0765625
0 0.7171875 0.10703125 0.05078125 0.0484375
0 0.8828125 0.140625 0.03984375 0.03515625
0 0.5421875 0.1734375 0.04296875 0.03828125
0 0.709375 0.396875 0.05 0.053125
0 0.56328125 0.45859375 0.02734375 0.03125
0 0.953125 0.57890625 0.021875 0.03359375
0 0.9140625 0.71484375 0.03359375 0.03203125
0 0.9859375 0.7640625 0.028125 0.078125
0 0.78515625 0.85390625 0.0359375 0.0359375
0 0.68828125 0.54375 0.0484375 0.0375
0 0.54296875 0.31953125 0.0359375 0.0265625
0 0.6140625 0.24921875 0.03203125 0.03203125
0 0.61484375 0.096875 0.03203125 0.028125
0 0.8 0.01328125 0.04375 0.0265625
0 0.40234375 0.8296875 0.1203125 0.2265625