0 0.609375 0.809375 0.446875 0.184375
0 0.51875 0.6609375 0.24453125 0.13984375
0 0.9375 0.70703125 0.10703125 0.0984375
0 0.5545546875 0.369625 0.3478828125 0.4047625 0.6048109375 0.7047343749999999 0.8005453125 0.6571453125 0.5545546875 0.369625
0 0.365625 0.8890625 0.07578125 0.08203125
0 0.27578125 0.77734375 0.0609375 0.0453125
0 0.2296875 0.63125 0.06171875 0.040625
0 0.32265625 0.6359375 0.0421875 0.05234375
0 0.203125 0.52421875 0.08203125 0.0890625
0 0.809375 0.965625 0.06875 0.04765625
0 0.5765625 0.9625 0.12578125 0.07421875
0 0.9327984375 0.66309375 0.6947421874999999 0.4608390625 0.6577124999999999 0.4767015625 0.8455109375 0.6710265625 0.9089937499999999 0.6551625 0.9327984375 0.66309375
0 0.7546875 0.36875 0.03515625 0.02734375
0 0.709375 0.425 0.02265625 0.01875
0 0.7390625 0.4359375 0.01875 0.01640625
0 0.7890625 0.453125 0.046875 0.02890625
0 0.9609375 0.44140625 0.04140625 0.0265625
0 0.9515625 0.3296875 0.03359375 0.02578125
0 0.86640625 0.3109375 0.0265625 0.01640625
0 0.28984375 0.3703125 0.0703125 0.046875
0 0.3625 0.3203125 0.07578125 0.040625
0 0.453125 0.3171875 0.04375 0.02109375
0 0.40885625000000003 0.3056375 0.4582296875 0.2924171875 0.392103125 0.23821875 0.35948125000000003 0.24813281250000002 0.40885625000000003 0.3056375
0 0.3515625 0.26875 0.02109375 0.015625
0 0.22578125 0.23515625 0.1765625 0.0921875
0 0.1796875 0.321875 0.02890625 0.01171875
0 0.171875 0.3640625 0.12734375 0.04453125
0 0.1421875 0.30859375 0.13515625 0.0453125
0 0.64765625 0.2125 0.0921875 0.05234375
0 0.6453125 0.2640625 0.08828125 0.03828125
0 0.60859375 0.2921875 0.0953125 0.05078125
0 0.428125 0.171875 0.103125 0.01796875
0 0.5046875 0.240625 0.06953125 0.09140625
0 0.58125 0.1515625 0.05859375 0.01328125
0 0.8578125 0.2046875 0.1125 0.03359375
0 0.8140625 0.15 0.09453125 0.034375
0 0.71875 0.128125 0.03125 0.00703125
0 0.65625 0.1421875 0.05546875 0.01484375
0 0.61875 0.1 0.04921875 0.02109375
0 0.68125 0.0921875 0.08359375 0.028125
0 0.49765625 0.06796875 0.0515625 0.0203125
0 0.3703125 0.1 0.05 0.01875
0 0.3984375 0.12890625 0.07890625 0.0328125
0 0.059375 0.12578125 0.034375 0.0171875
0 0.14296875 0.109375 0.0234375 0.02578125
0 0.1796875 0.10546875 0.028125 0.0109375
0 0.21875 0.11796875 0.03203125 0.0109375
0 0.11484375 0.1328125 0.0421875 0.01484375
0 0.171875 0.13203125 0.0375 0.0140625
0 0.175 0.15078125 0.04765625 0.0203125
0 0.25625 0.1546875 0.06171875 0.01640625
0 0.13671875 0.1765625 0.0984375 0.02421875