0 0.3671875 0.896875 0.05859375 0.04140625
0 0.2578125 0.778125 0.05703125 0.0375
0 0.3203125 0.63515625 0.040625 0.0359375
0 0.23671875 0.6421875 0.0546875 0.034375
0 0.484375 0.65859375 0.128125 0.0671875
0 0.5921875 0.9875 0.05625 0.025
0 0.8015625 0.96484375 0.053125 0.0359375
0 0.15390625 0.5375 0.0484375 0.02734375
0 0.2046875 0.54375 0.02890625 0.02109375
0 0.325 0.43984375 0.03125 0.0203125
0 0.3328125 0.4609375 0.03203125 0.01796875
0 0.2734375 0.46953125 0.03984375 0.0171875
0 0.8296875 0.70078125 0.02421875 0.0234375
0 0.578125 0.7140625 0.05234375 0.03125
0 0.95703125 0.7171875 0.0578125 0.04765625
0 0.59375 0.88203125 0.07578125 0.0453125
0 0.5921875 0.8234375 0.159375 0.09375
0 0.4671875 0.775 0.1125 0.07421875
0 0.5140625 0.7203125 0.08828125 0.04609375
0 0.428125 0.5453125 0.04375 0.021875
0 0.4421875 0.578125 0.03828125 0.025
0 0.959375 0.4390625 0.04921875 0.03515625
0 0.946875 0.3265625 0.04375 0.034375
0 0.75234375 0.37109375 0.0453125 0.0265625
0 0.7859375 0.45390625 0.04140625 0.0296875
0 0.7390625 0.434375 0.034375 0.025
0 0.709375 0.42890625 0.03125 0.0203125
0 0.5875 0.3515625 0.02578125 0.02265625
0 0.86171875 0.3109375 0.0203125 0.01875
0 0.4109375 0.4640625 0.071875 0.07734375
0 0.8203125 0.5953125 0.115625 0.08125
0 0.6140625 0.5984375 0.165625 0.08359375
0 0.5109375 0.39375 0.07265625 0.03828125
0 0.4390625 0.4265625 0.03515625 0.03046875
0 0.35703125 0.32109375 0.0609375 0.0359375
0 0.284375 0.371875 0.05546875 0.04375
0 0.45 0.3171875 0.0375 0.01953125
0 0.17421875 0.36328125 0.0796875 0.0453125
0 0.234375 0.27109375 0.06640625 0.0265625
0 0.28203125 0.2265625 0.0328125 0.02734375
0 0.2078125 0.2390625 0.0875 0.05234375
0 0.3515625 0.26875 0.01796875 0.01328125
0 0.4125 0.29765625 0.021875 0.0171875
0 0.9703125 0.23359375 0.021875 0.0109375
0 0.1796875 0.3234375 0.025 0.01328125
0 0.0578125 0.1265625 0.02421875 0.01171875
0 0.1109375 0.13359375 0.025 0.0109375
0 0.071875 0.16171875 0.04140625 0.0171875
0 0.14140625 0.175 0.0703125 0.01953125
0 0.1765625 0.10546875 0.02578125 0.0171875
0 0.1421875 0.109375 0.021875 0.02109375
0 0.38125 0.1390625 0.05 0.02421875
0 0.41328125 0.115625 0.0453125 0.02265625
0 0.4953125 0.06640625 0.04296875 0.0203125
0 0.6140625 0.103125 0.04453125 0.01796875
0 0.69609375 0.09453125 0.0546875 0.0203125
0 0.6546875 0.084375 0.03359375 0.015625
0 0.86015625 0.203125 0.0984375 0.03125
0 0.815625 0.1484375 0.096875 0.034375
0 0.6453125 0.14140625 0.04765625 0.0203125
0 0.51015625 0.265625 0.0546875 0.03125
0 0.625 0.309375 0.04296875 0.021875
0 0.7765625 0.284375 0.03359375 0.01484375
0 0.6609375 0.221875 0.05234375 0.03671875
0 0.59296875 0.2765625 0.0453125 0.0375
0 0.6453125 0.26796875 0.03671875 0.0546875
0 0.409375 0.1703125 0.04140625 0.02734375
0 0.4921875 0.2203125 0.05625 0.04609375
0 0.603125 0.19375 0.01953125 0.0125
0 0.63125 0.20390625 0.01796875 0.0171875
0 0.23984375 0.15625 0.0203125 0.02109375
0 0.178125 0.14765625 0.04296875 0.0171875
0 0.6734375 0.7359375 0.09296875 0.07109375
0 0.6765625 0.671875 0.07734375 0.05625
0 0.55625 0.9375 0.04453125 0.01484375
0 0.74140625 0.846875 0.0828125 0.084375