0 0.36619999999999997 0.1238515625 0.27244687500000003 0.595215625 0.41877031249999996 0.591259375 0.49918125 0.122409375 0.36619999999999997 0.1238515625
0 0.5281828125 0.1491171875 0.51895625 0.4577265625 0.5571859375 0.4577265625 0.5690484375 0.13823593750000002 0.5281828125 0.1491171875
0 0.27555625 0.1114921875 0.12216875 0.5873015625 0.155125 0.5902703125000001 0.304084375 0.1154859375 0.27555625 0.1114921875
0 0.99351875 0.6051078125 0.9856093749999999 0.515096875 0.8524687500000001 0.2420953125 0.7024046875 0.1287953125 0.841921875 0.5971953125 0.99351875 0.6051078125
0 0.615625 0.14765625 0.06171875 0.0609375
0 0.61875 0.4015625 0.07265625 0.04765625
0 0.5921875 0.56328125 0.10390625 0.0484375
0 0.33125 0.13515625 0.01796875 0.0109375
0 0.328125 0.190625 0.03046875 0.02109375
0 0.2125 0.478125 0.03828125 0.021875
0 0.25003593749999997 0.1342796875 0.18939843750000002 0.1263671875 0.0140734375 0.565540625 0.097121875 0.5754328125 0.25003593749999997 0.1342796875
0 0.847434375 0.7296890625 0.924971875 0.9919281249999999 0.9856093749999999 0.9909390625000001 0.97638125 0.7288187500000001 0.847434375 0.7296890625
0 0.63984375 0.4671875 0.1140625 0.04296875
0 0.956140625 0.295425 0.8874640625 0.29302812500000003 0.9465562500000001 0.41406875000000004 1 0.38890156249999996 0.956140625 0.295425