0 0.32109375 0.63671875 0.0296875 0.0234375
0 0.2328125 0.6421875 0.05 0.034375
0 0.325 0.43359375 0.03046875 0.0234375
0 0.4140625 0.46640625 0.07734375 0.0921875
0 0.525 0.453125 0.09609375 0.13828125
2 1 0.6081531250000001 0.9973468750000001 0.456825 0.778834375 0.36105 0.3188984375 0.361709375 0.1136015625 0.911796875 0.553271875 0.998325 1 0.6293968750000001 1 0.6081531250000001
2 0.9940359375 0.6404359375 0.9984375 0.34511250000000004 0.9984375 0.286415625 0.5760359375 0.6110921874999999 0.9082078125 0.675 0.9211031249999999 0.675 0.9940359375 0.6404359375
2 0.58021875 0.1401765625 0.3432015625 0.17650468749999998 0.5554078125 0.3364171875 0.8859609374999999 0.2704234375 0.58021875 0.1401765625
2 0.8188171875 0.260665625 0.9984375 0.20232812500000003 0.9984375 0.17936093749999998 0.9950374999999999 0.12393749999999999 0.9051640624999999 0.10808437500000001 0.61351875 0.22962031249999998 0.8188171875 0.260665625
2 0.617234375 0.13125 0.803125 0.07652656249999999 0.803125 0.076375 0.6017015625 0.048021875000000006 0.43693593750000004 0.11671562499999999 0.5897140624999999 0.13125 0.617234375 0.13125
2 0.46337812500000003 0.16875 0.5717359375 0.089484375 0.37436875000000003 0.0703296875 0.2267015625 0.1358265625 0.45785937499999996 0.16875 0.46337812500000003 0.16875
2 0.525 0.25964375 0.11194843750000001 0.18290937499999999 0.0238375 0.387671875 0.3248203125 0.42334062499999997 0.525 0.2604296875 0.525 0.25964375
2 0 0.11177343749999999 0.0016890625 0.152065625 0.0201921875 0.2088703125 0.30390625 0.1705609375 0.30641093750000004 0.17035625000000001 0.20610468750000002 0.091296875 0 0.11177343749999999
0 0.4875 0.6546875 0.140625 0.10234375
0 0.5640625 0.8203125 0.325 0.19375
0 0.32109375 0.4359375 0.0359375 0.02265625
0 0.6375 0.63125 0.178125 0.225
0 0.225 0.246875 0.09375 0.090625
0 0.359375 0.3203125 0.04921875 0.046875
0 0.809375 0.1484375 0.078125 0.03828125
0 0.859375 0.2046875 0.11015625 0.03828125
0 0.503125 0.2265625 0.07421875 0.08125
0 0.64921875 0.2390625 0.0484375 0.10234375
0 0.390625 0.12265625 0.103125 0.0515625
0 0.17890625 0.1078125 0.0265625 0.028125
0 0.05703125 0.1265625 0.0328125 0.025
0 0.1171875 0.17421875 0.04375 0.0390625
0 0.3578125 0.10078125 0.01640625 0.0078125
0 0.61875 0.10390625 0.0375 0.0234375
0 0.68359375 0.1015625 0.0265625 0.025
0 0.65625 0.08515625 0.028125 0.0265625
0 0.50546875 0.06640625 0.0328125 0.0203125
0 0.4828125 0.65078125 0.11328125 0.0859375