0 0.465625 0.4578125 0.23125 0.08828125
0 0.2078125 0.8765625 0.096875 0.10625
0 0.5375 0.48125 0.11328125 0.134375
0 0.18203125 0.5484375 0.0921875 0.1625
0 0.95390625 0.590625 0.0921875 0.17734375
0 0.83125 0.3859375 0.084375 0.08984375
0 0.93828125 0.9234375 0.0921875 0.153125
0 0.271875 0.0859375 0.10546875 0.12109375
0 0.58359375 0.096875 0.0453125 0.05703125
0 0.86015625 0.03125 0.0734375 0.0625
0 0.53046875 0.2625 0.0671875 0.10078125
0 0.6453125 0.2 0.06015625 0.06953125
0 0.6921875 0.4078125 0.05390625 0.09453125
0 0.603125 0.36875 0.053125 0.11171875
0 0.403125 0.1953125 0.04453125 0.06015625
0 0.3984375 0.2828125 0.03828125 0.06484375
0 0.4359375 0.15625 0.04140625 0.04453125
0 0.51328125 0.1390625 0.0453125 0.05546875
0 0.01875 0.77265625 0.0375 0.0828125
0 0.85 0.775 0.0625 0.084375
0 0.9546875 0.303125 0.084375 0.07890625
0 0.8140625 0.2453125 0.08671875 0.09921875
0 0.625 0.0578125 0.03359375 0.06484375
0 0.9234375 0.225 0.04140625 0.05859375