2 0.0083453125 0.15233125 0.41474687499999996 0.1879890625 0.3036546875 0.028464062499999998 0.0003515625 0.0051640625 0.0083453125 0.15233125
2 0.451309375 0.1842359375 0.6270890625 0.203003125 0.5371421875 0.09542500000000001 0.3381453125 0.037721875 0.451309375 0.1842359375
2 0.558209375 0.2046875 0.5585921875000001 0.2046875 0.667878125 0.1818515625 0.7484375 0.0977421875 0.7484375 0.096875 0.74285625 0.096875 0.6506937500000001 0.09825625 0.558209375 0.2046875
2 0.8625 0.241165625 0.7787921875 0.218821875 0.6705421874999999 0.3453125 0.7586999999999999 0.3453125 0.8625 0.24391406249999997 0.8625 0.241165625
2 0.6008875 0.392815625 0.764409375 0.349909375 0.64745 0.2115703125 0.460290625 0.2037515625 0.6008875 0.392815625
2 0.7348656250000001 0.6609375 0.9278203125 0.41367656249999996 0.767709375 0.364759375 0.6174921875 0.5326890625 0.73160625 0.6609375 0.7348656250000001 0.6609375
2 0.4053234375 0.42349531249999994 0.1875 0.8807890625000001 0.1875 0.8808359375 0.6009953125 0.9984546875 0.60010625 0.999859375 0.7984375 0.739340625 0.7984375 0.7382640625 0.512859375 0.42201562499999995 0.4053234375 0.42349531249999994
2 0.8765859375 0.521875 0.9921875 0.399034375 0.9921875 0.39642656249999997 0.9392046875 0.334375 0.938846875 0.334375 0.7910328125 0.49544531249999996 0.8757484375000001 0.521875 0.8765859375 0.521875
2 0.0021921875 0.9958578125 0.332559375 0.9973375000000001 0.1307921875 0.55495 0.0001390625 0.590528125 0.0021921875 0.9958578125
2 0.1078125 0.5484375 0.1078125 0.34116562500000003 0.1071796875 0.25796406250000004 0.001540625 0.5256546875 0.1048640625 0.5484375 0.1078125 0.5484375
2 0.41869531249999997 0.509375 0.575 0.1803109375 0.575 0.178278125 0.1464046875 0.20337187499999998 0.00838125 0.39719375 0.41760156249999997 0.509375 0.41869531249999997 0.509375
0 0.20625 0.33515625 0.078125 0.0828125
0 0.35078125 0.271875 0.0453125 0.06171875
0 0.165625 0.209375 0.103125 0.08671875
0 0.61875 0.67265625 0.10625 0.1828125
0 0.80390625 0.5859375 0.0671875 0.128125
0 0.684375 0.4109375 0.06328125 0.06015625
2 0.05859375 0.8 0.0953125 0.146875
0 0.5515625 0.2296875 0.05390625 0.0875
0 0.4296875 0.6078125 0.115625 0.065625
0 0.59296875 0.51640625 0.0671875 0.0671875
0 0.4984375 0.54609375 0.08203125 0.0984375
0 0.690625 0.6453125 0.071875 0.134375
0 0.0375 0.4125 0.05625 0.134375