0 0.4848375 0.11878124999999999 0.4922765625 0.29076875 0.690815625 0.2952796875 0.6283015625 0.11878124999999999 0.4848375 0.11878124999999999
0 0.46720468750000005 0.12199062499999999 0.3239078125 0.1240046875 0.24920468750000002 0.30383593750000004 0.46399999999999997 0.2995578125 0.46720468750000005 0.12199062499999999
0 0.0352109375 0.8855906250000001 0.429740625 0.8616187500000001 0.4599921875 0.3560984375 0.24038906249999997 0.352890625 0.0352109375 0.8855906250000001
0 0.4862640625 0.3581171875 0.4720140625 0.8716843750000001 0.8743531250000001 0.8738234374999999 0.7020359375 0.3443328125 0.4862640625 0.3581171875
0 0.213940625 0.357284375 0.0052109375 0.35972031250000003 0.01196875 0.8290124999999999 0.213940625 0.357284375
0 0.240115625 0.30160468749999997 0.3009890625 0.128725 0.16574687500000002 0.1235484375 0.0346078125 0.30918125 0.240115625 0.30160468749999997
0 0.14339531249999998 0.13099687499999998 0.002815625 0.1318828125 0.00451875 0.3023625 0.02155 0.3069078125 0.14339531249999998 0.13099687499999998
0 0.4910421875 0.0977875 0.6227484375000001 0.0902109375 0.5955 0.006865625 0.48536406249999997 0.007623437499999999 0.484990625 0.093515625 0.4910421875 0.0977875
0 0.36806875 0.0081296875 0.333671875 0.0976984375 0.4702890625 0.0949828125 0.4735578125 0.0073359375000000004 0.36806875 0.0081296875
0 0.18145625 0.096965625 0.318065625 0.08997031250000001 0.3535078125 0.0077328125 0.2471265625 0.0156640625 0.18145625 0.096965625
0 0.030692187500000002 0.0996234375 0.167084375 0.094896875 0.2331015625 0.008221875 0.1280921875 0.012284375 0.030692187500000002 0.0996234375