0 0.553125 0.2015625 0.1 0.08515625
0 0.52109375 0.29375 0.07734375 0.07265625
0 0.66796875 0.2296875 0.05859375 0.07890625
0 0.303125 0.1953125 0.02890625 0.0265625
0 0.290625 0.43984375 0.03515625 0.03984375
0 0.42734375 0.29765625 0.02265625 0.01796875
0 0.4375 0.334375 0.02578125 0.02734375
0 0.5015625 0.41796875 0.01953125 0.03359375
0 0.61484375 0.47265625 0.0234375 0.0359375
0 0.48984375 0.228125 0.0296875 0.059375
0 0.42734375 0.21640625 0.02109375 0.03125
0 0.640625 0.18671875 0.028125 0.021875
0 0.6328125 0.25234375 0.03515625 0.04375
0 0.54140625 0.38671875 0.0265625 0.0359375
0 0.57109375 0.31171875 0.025 0.04765625
0 0.11328125 0.33046875 0.025 0.02890625
0 0.09296875 0.18515625 0.02578125 0.0234375
0 0.0171875 0.27734375 0.0203125 0.0203125