0 0.7609375 0.4125 0.10234375 0.11875
0 0.33203125 0.29140625 0.0640625 0.0953125
0 0.20625 0.1 0.1375 0.17890625
0 0.49609375 0.11875 0.0671875 0.15546875
0 0.65625 0.059375 0.075 0.09609375
0 0.6015625 0.23125 0.07578125 0.10390625
0 0.48671875 0.49765625 0.0734375 0.0953125
0 0.3953125 0.65078125 0.07265625 0.1765625
0 0.4421875 0.88125 0.11953125 0.14453125
0 0.2484375 0.65078125 0.06640625 0.0796875
0 0.30625 0.56875 0.028125 0.071875
0 0.784375 0.6234375 0.04921875 0.09921875
0 0.9640625 0.5859375 0.05859375 0.10859375