0 0.478125 0.81953125 0.08515625 0.084375
0 0.5140625 0.915625 0.06640625 0.08125
0 0.55234375 0.96171875 0.07890625 0.0734375
0 0.62265625 0.97734375 0.0390625 0.04375
0 0.628125 0.66484375 0.05703125 0.0515625
0 0.36640625 0.703125 0.115625 0.09296875
0 0.24140625 0.56953125 0.09375 0.075
0 0.32734375 0.60390625 0.06875 0.08125
0 0.45 0.6609375 0.0765625 0.0703125
0 0.1140625 0.41875 0.05234375 0.04765625
0 0.18671875 0.484375 0.046875 0.03828125
0 0.22734375 0.55625 0.04765625 0.04453125
0 0.19375 0.3296875 0.04296875 0.05546875
0 0.10625 0.34765625 0.075 0.05078125
0 0.525 0.60859375 0.0625 0.0640625
0 0.615625 0.57734375 0.06484375 0.0515625
0 0.05859375 0.27734375 0.06796875 0.04140625
0 0.034375 0.8140625 0.05859375 0.0640625
0 0.09375 0.97265625 0.0359375 0.0390625
0 0.49140625 0.22890625 0.040625 0.0203125
0 0.00859375 0.11796875 0.01484375 0.0140625
0 0.03203125 0.14765625 0.02265625 0.015625
0 0.2453125 0.7140625 0.04453125 0.05234375
0 0.03984375 0.990625 0.02265625 0.0140625