0 0.2911803296875 0.5180442578125 0.1106547484375 0.5828184578125 0 0.6763888921875 0.00095071875 0.8345125421875 0.5230862265625 0.9103908640625 0.5564140484375 0.5402525687499999 0.2911803296875 0.5180442578125
0 1 1 0.54374996875 0.92870370625 0.5397500828124999 1 1 1
0 0.5119769171875 0.9973733062499999 0.5159721890625 0.924074075 0.00372799375 0.8437659999999999 0 1 0.5119769171875 0.9973733062499999
0 0.5715277453125001 0.544444446875 0.5439161015625 0.9103908640625 0.99661869375 0.9714635968750001 1 0.5735650031249999 0.5715277453125001 0.544444446875
0 0.99661869375 0.3736902671875 0.5836805234375 0.3592592609375 0.5744665421875 0.5347004390625 0.9980074359375 0.5680129421875 0.99661869375 0.3736902671875
0 0.0020833015624999998 0.475000003125 0.15509177031250002 0.40330137187500004 0.202306175 0.34592989375 0.006505373437500001 0.3329751109375 0.0020833015624999998 0.475000003125
0 0 0.331124378125 0.2173610796875 0.3314814828125 0.285625675 0.2422912 0.0259465046875 0.23118708125 0 0.266350175 0 0.331124378125
0 0.6496527453125001 0.35462963125 1 0.36813820625 0.9146879374999999 0.25524605624999996 0.6883365875 0.25524605624999996 0.6496527453125001 0.35462963125
0 0.2225694125 0.3361111140625 0.28840294843750003 0.33667643593749996 0.46892853125 0.245992596875 0.2897915859375 0.2404405359375 0.2225694125 0.3361111140625
0 0.3024305234375 0.5074074078125 0.5578026859375 0.5272977140624999 0.5744665421875 0.36258614375 0.5189202078124999 0.3607354828125 0.3024305234375 0.5074074078125
0 0.5911305062500001 0.17566636875 0.34409718906250003 0.174074075 0.285625675 0.2367391390625 0.46753989375 0.2404405359375 0.5911305062500001 0.17566636875
0 0.3370059890625 0.1664129140625 0.1131944125 0.16712963125 0.0356671765625 0.225634946875 0.28145965624999997 0.2441418640625 0.3370059890625 0.1664129140625