0 0.51484375 0.2125 0.2484375 0.24609375
0 0.9015625 0.36015625 0.196875 0.2046875
0 0.71875 0.1140625 0.17109375 0.13828125
0 0.88671875 0.1453125 0.0859375 0.06484375
0 0.5875 0.1375 0.13515625 0.13515625
0 0.709375 0.396875 0.05 0.053125
0 0.5546875 0.46171875 0.08515625 0.0765625
0 0.0140875 0.016307812499999998 0.00418125 0.4935125 0.1879078125 0.489840625 0.1560609375 0.0151265625 0.0140875 0.016307812499999998
0 0.97109375 0.578125 0.0578125 0.05
0 0.9125 0.7125 0.0375 0.03828125
0 0.9859375 0.7640625 0.028125 0.07890625
0 0.715625 0.7609375 0.06953125 0.06875
0 0.7859375 0.85390625 0.03671875 0.0359375
0 0.6890625 0.54375 0.04921875 0.03828125