0 0.51484375 0.2125 0.2484375 0.246875
0 0.9015625 0.36015625 0.196875 0.2046875
0 0.71796875 0.1140625 0.1703125 0.1375
0 0.88671875 0.14453125 0.0859375 0.0640625
0 0.5875 0.1375 0.134375 0.134375
0 0.709375 0.396875 0.05 0.053125
0 0.55546875 0.4609375 0.0859375 0.07734375
0 0.1859375 0.015534375 0.004231250000000001 0.0191671875 0.035962499999999994 0.4921875 0.17806093750000002 0.4921875 0.1859375 0.11276875 0.1859375 0.015534375
0 0.97109375 0.578125 0.0578125 0.05
0 0.9125 0.7125 0.0375 0.0375
0 0.9859375 0.7640625 0.028125 0.078125
0 0.71640625 0.7609375 0.0703125 0.06875
0 0.78515625 0.85390625 0.0359375 0.0359375
0 0.68828125 0.54375 0.0484375 0.0375