0 0.0859375 0.290625 0.071875 0.034375
0 0.23984375 0.31015625 0.0703125 0.03125
0 0.115625 0.38125 0.0671875 0.04140625
0 0.26796875 0.48125 0.08828125 0.0625
0 0.38203125 0.7421875 0.09765625 0.06796875
0 0.66015625 0.44921875 0.08203125 0.05390625
0 0.8513796875 0.20783281250000002 0.7793421875 0.21905156250000002 0.8442703125 0.2965734375 0.991803125 0.27542187500000004 0.8513796875 0.20783281250000002
0 0.4347578125 0.412909375 0.389996875 0.418625 0.55460625 0.6399296875 0.6208359375 0.6313015625 0.4347578125 0.412909375
0 0.12959375 0.1496265625 0.07884843750000001 0.1528 0.1362640625 0.1845984375 0.12959375 0.1496265625
0 0.27265625 0.6875 0.06015625 0.06640625
0 0.1765625 0.62578125 0.04921875 0.02265625
0 0.2921875 0.7625 0.0828125 0.059375
0 0.81015625 0.37734375 0.04375 0.0328125
0 0.58203125 0.27109375 0.0609375 0.02265625
0 0.625 0.2921875 0.0453125 0.0375
0 0.68046875 0.31640625 0.0265625 0.02109375
0 0.728125 0.34765625 0.01875 0.0140625
0 0.7921875 0.27265625 0.021875 0.0140625
0 0.39375 0.3359375 0.0203125 0.021875
0 0.4453125 0.25390625 0.0234375 0.0125
0 0.91171875 0.46796875 0.04140625 0.02265625
0 0.90390625 0.38984375 0.028125 0.01953125
0 0.99296875 0.49375 0.0140625 0.02421875
0 0.3203125 0.53125 0.03359375 0.0359375