0 0.3309890625 0.338021875 0.4165640625 0.2739328125 0.3771890625 0.2401984375 0.3115640625 0.3057921875 0.3309890625 0.338021875
0 0.6903109374999999 0.2514421875 0.6310359375 0.2512890625 0.6284359375 0.3339046875 0.7109359375000001 0.31703749999999997 0.6903109374999999 0.2514421875
0 0.8375 0.34921875 0.05703125 0.0765625
0 0.5296875 0.4296875 0.059375 0.04765625
0 0.41484375 0.4765625 0.0453125 0.03359375
0 0.4484375 0.584375 0.03359375 0.09296875
0 0.4625 0.6875 0.04453125 0.040625
0 0.478125 0.76484375 0.03984375 0.0609375
0 0.754059375 0.8567875 0.9359328124999999 0.7930671874999999 0.8946828124999999 0.7649546875000001 0.853434375 0.7593328125000001 0.838434375 0.6937375 0.7878093749999999 0.6693749999999999 0.761559375 0.6918640625 0.769059375 0.73496875 0.6996859375 0.7537109375 0.72245625 0.8349734375000001 0.754059375 0.8567875
0 0.73515625 0.4921875 0.0515625 0.040625
0 0.5765625 0.5046875 0.053125 0.03125
0 0.60546875 0.5796875 0.0734375 0.05
0 0.3078125 0.1390625 0.10859375 0.07265625
0 0.2796875 0.0546875 0.05390625 0.03515625
0 0.46875 0.1015625 0.08828125 0.071875
0 0.6046875 0.0984375 0.03046875 0.028125
0 0.57265625 0.034375 0.0515625 0.034375
0 0.0625 0.2046875 0.04140625 0.05625
0 0.0171875 0.2140625 0.028125 0.06640625
0 0.21796875 0.2 0.0265625 0.03828125
0 0.09296875 0.15546875 0.0296875 0.0359375
0 0.0328125 0.04921875 0.04921875 0.0390625
0 0.10625 0.01875 0.02578125 0.02109375
0 0.2953125 0.7875 0.18203125 0.13125
0 0.1671875 0.6453125 0.05625 0.05625
0 0.1359375 0.55 0.20703125 0.07890625
0 0.2203125 0.3265625 0.12421875 0.08515625
0 0.41328125 0.89296875 0.0703125 0.0546875
0 0.159375 0.8578125 0.04765625 0.08359375
0 0.14765625 0.95625 0.1984375 0.04921875
0 0.115625 0.73984375 0.040625 0.0515625
0 0.0390625 0.67421875 0.04140625 0.0953125
0 0.6234375 0.6859375 0.08671875 0.12265625
0 0.29296875 0.634375 0.0453125 0.025
0 0.3328125 0.5609375 0.03203125 0.05
0 0.23984375 0.45703125 0.0421875 0.0484375
0 0.7515625 0.54765625 0.15 0.0484375
0 0.9609375 0.7375 0.059375 0.05625
0 0.9959328125000001 0.28705156249999997 0.9603078125 0.2533171875 0.9434328125 0.25706562499999996 0.9546828125 0.30391875 0.9715578125000001 0.33015625000000004 0.9903078125 0.335778125 0.9959328125000001 0.28705156249999997
0 0.9006093749999999 0.0918890625 0.9565578125 0.146490625 0.9921828125 0.133371875 0.9359328124999999 0.0921421875 0.9006093749999999 0.0918890625