0 0.259374959375 0.2147321453125 0.070424709375 0.9908378250000001 0.9149272671875 0.8944697171874999 0.6185479328125 0.2145388484375 0.259374959375 0.2147321453125
0 0.48046875 0.7984375 0.09765625 0.11796875
0 0.271875 0.896875 0.0515625 0.0421875
0 0.81796875 0.8546875 0.0328125 0.0296875
0 0.78984375 0.73046875 0.04296875 0.06015625
0 0.6796875 0.5640625 0.03203125 0.0234375
0 0.48828125 0.71796875 0.034375 0.03359375
0 0.35390625 0.73046875 0.03046875 0.0296875
0 1 0.243771409375 0.9544998234375001 0.2014736359375 0.631205525 0.2115106 0.9302418375 0.8951598828125 1 0.8810810531250001 1 0.243771409375
0 0.9615425578125001 0.202255765625 0.999885890625 0.2397993203125 0.9975383125 0.2014736359375 0.9615425578125001 0.202255765625
0 0.54054785625 0.0002752171875 0.5392443953125 0.0050872124999999995 0.6156695703125 0.18486439062499999 0.92711169375 0.1793892828125 0.7447850390624999 0.001057378125 0.54054785625 0.0002752171875
0 0.3083632609375 0 0.2651015171875 0.190339559375 0.6039318 0.18486439062499999 0.5288100859375 0 0.3083632609375 0
0 0.9983208781249999 0 0.7447850390624999 0.001057378125 0.9411970421875001 0.1833000703125 1 0.177042815625 0.9983208781249999 0.029215065624999998 0.9983208781249999 0
0 0.25417952499999996 0.218965753125 0.00041841562500000005 0.2180142765625 0 0.9867649359374999 0.0433139984375 0.985092196875 0.25417952499999996 0.218965753125
0 0.0569096375 0 0 0.0801262234375 0 0.1922015359375 0.2592001859375 0.1905287328125 0.311079653125 0 0.0569096375 0
0 0 0.000419240625 0.0008815140625000001 0.06373798124999999 0.05677674687499999 0 0 0.000419240625