0 0.74629375 0.9959093749999999 0.9900703125 0.9996421874999999 0.999821875 0.4800453125 0.737678125 0.4852890625 0.74629375 0.9959093749999999
0 0.96171875 0.575 0.0765625 0.128125
0 0.8453125 0.77890625 0.03359375 0.0578125
0 0.93671875 0.9234375 0.0640625 0.109375
0 0.51953125 0.47109375 0.0609375 0.1515625
0 0.5265625 0.24375 0.028125 0.04375
0 0.634375 0.19765625 0.04921875 0.0640625
0 0.61015625 0.3828125 0.0234375 0.12890625
0 0.6859375 0.39609375 0.053125 0.0953125
0 0.8328125 0.38125 0.07734375 0.078125
0 0.95625 0.30546875 0.078125 0.0609375
0 0.8125 0.240625 0.059375 0.09375
0 0.1875 0.503125 0.03359375 0.08203125
0 0.153125 0.5515625 0.06171875 0.04140625
0 0.21484375 0.865625 0.0453125 0.090625
0 0.5828125 0.08125 0.028125 0.04453125
0 0.26953125 0.0765625 0.0484375 0.04765625
0 0.334375 0.03671875 0.046875 0.0453125
0 0.2015625 0.496875 0.084375 0.096875