0 0.5828125 0.81484375 0.11484375 0.06328125
0 0.484375 0.6546875 0.10703125 0.0703125
0 0.9625 0.70625 0.05703125 0.046875
0 0.3671875 0.896875 0.046875 0.0265625
0 0.25703125 0.778125 0.03125 0.0265625
0 0.23828125 0.63984375 0.025 0.02265625
0 0.31796875 0.634375 0.03359375 0.028125
0 0.803125 0.9671875 0.0390625 0.025
0 0.58984375 0.990625 0.02109375 0.0171875
0 0.75546875 0.37265625 0.02421875 0.01875
0 0.709375 0.425 0.02265625 0.01875
0 0.7390625 0.4359375 0.01875 0.01640625
0 0.7875 0.45546875 0.04296875 0.02421875
0 0.95625 0.4390625 0.03125 0.021875
0 0.9515625 0.3296875 0.03359375 0.02578125
0 0.86640625 0.3109375 0.0265625 0.01640625
0 0.2859375 0.3703125 0.04140625 0.04609375
0 0.35390625 0.32265625 0.04140625 0.02734375
0 0.453125 0.3171875 0.04375 0.02109375
0 0.3515625 0.26875 0.02109375 0.015625
0 0.22109375 0.2578125 0.08203125 0.04765625
0 0.1796875 0.321875 0.02890625 0.01171875
0 0.16328125 0.3640625 0.04453125 0.04453125
0 0.6390625 0.1984375 0.02578125 0.025
0 0.6453125 0.2640625 0.08828125 0.03828125
0 0.60859375 0.2921875 0.0953125 0.05078125
0 0.428125 0.171875 0.103125 0.01796875
0 0.509375 0.26328125 0.0453125 0.0265625
0 0.58125 0.1515625 0.05859375 0.01328125
0 0.86328125 0.2046875 0.1015625 0.03359375
0 0.82265625 0.15625 0.03671875 0.02265625
0 0.71875 0.128125 0.03125 0.00703125
0 0.65625 0.1421875 0.05546875 0.01484375
0 0.61875 0.1 0.04921875 0.02109375
0 0.68125 0.0921875 0.08359375 0.028125
0 0.49765625 0.06796875 0.0515625 0.0203125
0 0.390625 0.12890625 0.06171875 0.0328125
0 0.059375 0.12578125 0.034375 0.0171875
0 0.14296875 0.109375 0.0234375 0.02578125
0 0.1796875 0.10546875 0.028125 0.0109375
0 0.21875 0.11796875 0.03203125 0.0109375
0 0.11484375 0.1328125 0.0421875 0.01484375
0 0.171875 0.13203125 0.0375 0.0140625
0 0.175 0.15078125 0.04765625 0.0203125
0 0.25625 0.1546875 0.06171875 0.01640625
0 0.13671875 0.1765625 0.0984375 0.02421875
0 0.60078125 0.58671875 0.071875 0.07890625
0 0.66875 0.72421875 0.071875 0.075
0 0.6609375 0.81796875 0.0625 0.09453125
0 0.48046875 0.20703125 0.02578125 0.0203125
0 0.50390625 0.2328125 0.0328125 0.01484375
0 0.21640625 0.22109375 0.0359375 0.01875
0 0.40625 0.459375 0.03828125 0.04140625
0 0.490625 0.3984375 0.028125 0.01953125
0 0.325 0.4359375 0.0171875 0.0140625
0 0.15546875 0.53515625 0.02109375 0.02265625
0 0.59609375 0.878125 0.059375 0.02109375
0 0.78515625 0.57421875 0.034375 0.0265625
0 0.6609375 0.22890625 0.0328125 0.025