0 0.56875 0.7890625 0.52109375 0.315625
0 0.2671875 0.46796875 0.065625 0.0515625
0 0.40859375 0.46328125 0.1078125 0.0921875
0 0.5890625 0.55 0.20625 0.140625
0 0.20859375 0.2609375 0.1171875 0.05625
0 0.353125 0.3171875 0.08359375 0.04375
0 0.446875 0.3125 0.05625 0.03515625
0 0.28125 0.36875 0.06953125 0.04921875
0 0.2421875 0.2171875 0.11875 0.03046875
0 0.52421875 0.2546875 0.1046875 0.06328125
0 0.6515625 0.24375 0.10625 0.065625
0 0.6171875 0.309375 0.1 0.02734375
0 0.4765625 0.1984375 0.11015625 0.04140625
0 0.175 0.1078125 0.03203125 0.009375
0 0.05859375 0.12734375 0.0296875 0.0171875
0 0.1046875 0.13359375 0.040625 0.0140625
0 0.109375 0.175 0.05625 0.025
0 0.17734375 0.1515625 0.0671875 0.01796875
0 0.3703125 0.1359375 0.05703125 0.021875
0 0.41328125 0.115625 0.0484375 0.01875
0 0.49921875 0.0703125 0.0453125 0.02265625
0 0.61328125 0.1046875 0.0390625 0.02109375
0 0.6484375 0.0859375 0.02265625 0.015625
0 0.684375 0.1 0.0375 0.01796875
0 0.859375 0.20625 0.10703125 0.02890625
0 0.81796875 0.15078125 0.0796875 0.0328125