2 0.75 0.58828125 0.15 0.21484375
2 0.8890625 0.42109375 0.16328125 0.15546875
2 0.615625 0.58125 0.12890625 0.22578125
2 0.83515625 0.5890625 0.13984375 0.20546875
2 0.91484375 0.59140625 0.15625 0.20078125
2 0.5640625 0.38203125 0.121875 0.165625
2 0.8125 0.41015625 0.11015625 0.1484375
2 0.63203125 0.3859375 0.109375 0.1578125
2 0.7046875 0.4015625 0.11953125 0.15703125
2 0.3265625 0.52265625 0.06640625 0.1125
2 0.37421875 0.52421875 0.06796875 0.11171875
2 0.4234375 0.52421875 0.06953125 0.1078125
2 0.353125 0.41953125 0.05390625 0.0890625
2 0.30625 0.41328125 0.04921875 0.0921875
2 0.275 0.51875 0.05625 0.1140625
2 0.39609375 0.42265625 0.05546875 0.084375
2 0.2640625 0.4125 0.05703125 0.09765625
2 0.20703125 0.50625 0.0734375 0.08828125