2 1 0.6851517421875 0.219019559375 0.49063088906249996 0 0.6700892875 0 0.8671805484374999 0.31543215 0.9974559281250001 1 0.9956713593750001 1 0.6851517421875
2 0.9492556203125 0.478138709375 0.38327808281250003 0.3674937828125 0.23482138749999998 0.4781250015625 0.9921055390625 0.674444196875 1 0.5780760203125 0.9492556203125 0.478138709375
2 0.4654072765625 0.3014637421875 0.39330353125 0.3598214296875 0.9421137859375 0.4799232765625 0.8921220312499999 0.37284755625 0.4654072765625 0.3014637421875
2 0.513613503125 0.25863349375 0.4736606734375 0.2950892875 0.88498046875 0.3746321921875 0.8546284203125 0.3139559234375 0.513613503125 0.25863349375
2 0 0.43348214531249996 0.002984028125 0.6583828109375001 0.2118778609375 0.488846253125 0 0.43348214531249996
2 0.38149255625 0.36214001093750003 0.004910673437500001 0.2906250015625 0 0.43173918906250003 0.22080495 0.488846253125 0.38149255625 0.36214001093750003
2 0.4654072765625 0.303248378125 0.1297486671875 0.23721833593750002 0.004910673437500001 0.2683035734375 0.0011986375 0.292540765625 0.38327808281250003 0.36214001093750003 0.4654072765625 0.303248378125
2 0.2261612578125 0.210449371875 0.15669638749999998 0.23705357343750003 0.4618363578125 0.2996791734375 0.5046864140625 0.25863349375 0.2261612578125 0.210449371875
2 0.00267853125 0.21250000156249998 0.006554809375 0.2693410390625 0.11010909843750001 0.242572109375 0.00267853125 0.21250000156249998
2 0.27258209375 0.196172690625 0.1029674 0.16226531875 0.00267853125 0.179017859375 0 0.20688020156250003 0.10475279062500001 0.23721833593750002 0.27258209375 0.196172690625
2 0.38327808281250003 0.18546504375 0.257142815625 0.20357142968750003 0.5118281125 0.2693410390625 0.57074695625 0.2140186453125 0.38327808281250003 0.18546504375
2 0.57074695625 0.210449371875 0.524999959375 0.2459821453125 0.8439158046875 0.30860215 0.8082074468749999 0.23900290468750002 0.57074695625 0.210449371875
2 0.6332365796875 0.1711882953125 0.585267815625 0.20357142968750003 0.7992803578125 0.23364913281250002 0.779640925 0.1943880203125 0.6332365796875 0.1711882953125
2 0.3082904515625 0.13906555781250002 0.15669638749999998 0.163392859375 0.2761530125 0.19081885 0.39756134374999996 0.1765420671875 0.3082904515625 0.13906555781250002
2 0.7600012203125 0.1658344890625 0.7457178234375 0.13549638749999998 0.670730328125 0.1247888765625 0.6028843953125 0.1212196046875 0.4022321015625 0.176785715625 0.57074695625 0.2140186453125 0.6421636703125 0.1569115125 0.7600012203125 0.1658344890625
2 0.5350385984375 0.11408122968750001 0.3285713875 0.129910715625 0.3904196453125 0.1694037609375 0.576103128125 0.117650434375 0.5350385984375 0.11408122968750001