2 0 0.8333328124999999 0.71180625 0.8151046875000001 0.74305625 0.5 0.1388890625 0.59375 0 0.71875 0 0.8333328124999999
2 0.22569374999999997 0.4869796875 0.003471875 0.5234375 0.003471875 0.7213546875 0.22569374999999997 0.4869796875
2 0.7708328125 0.34375 0.2951390625 0.4348953125 0.1354171875 0.5807296875 0.7395828125 0.4921875 0.7708328125 0.34375
2 0.7763890625000001 0.2541671875 0.3833328125 0.3447921875 0.2791671875 0.4375 0.765278125 0.340625 0.7763890625000001 0.2541671875
2 0.3791671875 0.340625 0.7833328125000001 0.2489578125 0.7833328125000001 0.1958328125 0.44305625 0.2791671875 0.3791671875 0.340625
2 0.390278125 0.3260421875 0.21944375 0.3645828125 0.0125 0.5177078125000001 0.23055625000000002 0.48125 0.390278125 0.3260421875
2 0.490278125 0.2302078125 0.3375 0.2708328125 0.21805625 0.3625 0.3958328125 0.321875 0.490278125 0.2302078125
2 0.790278125 0.1541671875 0.49444375 0.2302078125 0.45 0.278125 0.7875 0.1927078125 0.790278125 0.1541671875
2 0.79305625 0.1239578125 0.53194375 0.1927078125 0.49583281250000005 0.23125 0.7916671875 0.153125 0.79305625 0.1239578125
2 0.54305625 0.175 0.425 0.2083328125 0.3416671875 0.2677078125 0.49583281250000005 0.2291671875 0.54305625 0.175
2 0.5611109375 0.1614578125 0.5388890625 0.190625 0.7958328125 0.121875 0.7986109375 0.096875 0.5611109375 0.1614578125
2 0.590278125 0.1354171875 0.4791671875 0.1635421875 0.42222187499999997 0.2083328125 0.547221875 0.1760421875 0.590278125 0.1354171875
2 0.8 0.078125 0.59305625 0.1375 0.5638890625 0.1604171875 0.8013890625 0.0979171875 0.8 0.078125
2 0.590278125 0.1364578125 0.6111109375 0.1104171875 0.49861093749999996 0.1447921875 0.4861109375 0.1614578125 0.590278125 0.1364578125
2 0.8041671875 0.061479687500000005 0.6083328125 0.1208328125 0.5875 0.13752031250000002 0.8013890625 0.0771046875 0.8041671875 0.061479687500000005