0 0.05 0.8 0.05546875 0.0453125
0 0.52109375 0.884375 0.06328125 0.05859375
0 0.871875 0.7828125 0.05078125 0.03359375
0 0.36953125 0.60390625 0.04140625 0.05546875
0 0.8046875 0.30078125 0.1 0.2125
0 0.89921875 0.6375 0.05703125 0.0875
0 0.95625 0.77578125 0.04609375 0.03671875
0 0.28359375 0.16015625 0.0390625 0.03359375
0 0.53125 0.14140625 0.053125 0.06328125
0 0.80703125 0.14765625 0.06328125 0.06171875
0 0.5546875 0.38359375 0.078125 0.075
0 0.83671875 0.49453125 0.0828125 0.09140625
0 0.67734375 0.61953125 0.09453125 0.06796875
0 0.71015625 0.440625 0.04921875 0.04609375
0 0.0578125 0.1625 0.04765625 0.034375
0 0.4421875 0.51953125 0.053125 0.0421875
0 0.2640625 0.5296875 0.053125 0.05
0 0.66171875 0.1390625 0.0640625 0.05390625
0 0.4265625 0.125 0.08046875 0.03515625