2 0.640381671875 0.507858653125 0.6105046703125 0.49842319843749994 0.5790563203125 0.5267294578125 0.63094680625 0.696565740625 0.720576115625 0.6997108921875 0.640381671875 0.507858653125
2 0.5381726828125 0.70285604375 0.6293741875000001 0.6997108921875 0.563331828125 0.5220117828124999 0.5491799546875 0.503140978125 0.5141018234375 0.49032853750000005 0.505151503125 0.512576434375 0.48628219687499996 0.5204391546875 0.5381726828125 0.70285604375
2 0.719003709375 0.514148903125 0.6875549359375001 0.5062861296875 0.6655406046875 0.5157214796875 0.6668796015625 0.549356315625 0.719003709375 0.696565740625 0.8007707734375 0.696565740625 0.719003709375 0.514148903125
2 0.7913361203125 0.5267294578125 0.7708944078125 0.5062861296875 0.7520251015625 0.5298745031250001 0.7484768234375 0.5510924265625 0.8023431796875 0.696565740625 0.8715305656250001 0.6949932171875 0.7913361203125 0.5267294578125
2 0.8070606124999999 0.5298745031250001 0.8385093859375001 0.5896317484375 0.874675590625 0.63209081875 0.9047268234375 0.627481315625 0.844799225 0.4952782578125 0.796053128125 0.4999959328125 0.8070606124999999 0.5298745031250001
2 0.874675590625 0.5204391546875 0.8888272515625 0.575478725 0.9202764484375001 0.619510425 0.9548700359375 0.6383809109375 0.9776434890625 0.6292174265625 0.9076965578125 0.5110038046875001 0.8683857515625 0.5047136078125 0.874675590625 0.5204391546875
2 0.9988980625 0.6399536453125 1 0.57390615 0.9585462671875 0.5076896484375 0.9312835093749999 0.5094312828125 0.9234212625 0.534592178125 0.9863190203125001 0.63680849375 0.9988980625 0.6399536453125
2 0.481564553125 0.322296771875 0.44068133906250007 0.34431256875 0.45483331875 0.3820540171875 0.47684754375000005 0.40249729062500006 0.5334554625 0.4166503140625 0.5114413421874999 0.322296771875 0.481564553125 0.322296771875
2 0.4595506453125 0.4166503140625 0.47370262500000004 0.46068190781249996 0.5476073359375 0.46225453749999995 0.5401434890625 0.431300759375 0.505151503125 0.4433837859375 0.484709790625 0.4276581859375 0.464267971875 0.40878748906249995 0.4595506453125 0.4166503140625
2 0.5586146078125 0.4716898859375 0.6338934890625 0.4729674265625 0.6010700171875001 0.4182228375 0.57591150625 0.4355210125 0.5554693703125 0.4276581859375 0.5586146078125 0.4716898859375
2 0.5413177078125 0.3977796171875 0.5743386765625 0.40564223125 0.5916357875 0.42136798906250006 0.6089326859375 0.40092466250000003 0.57591150625 0.33644979531249997 0.544462521875 0.3380223703125 0.5287380296874999 0.323869346875 0.5082963171875 0.3191516203125 0.5413177078125 0.3977796171875
2 0.6152225265625 0.41507757968750003 0.6340918328125 0.47483493125000004 0.70799665 0.47955260624999996 0.6825046015625 0.4260924265625 0.6639681984375 0.446528884375 0.6372366453125 0.4386660578125 0.623084771875 0.41507757968750003 0.6152225265625 0.41507757968750003
2 0.6765476640625 0.4386660578125 0.6906997500000001 0.4370935359375 0.649816325 0.34116736406250003 0.6246571796875 0.3270144453125 0.625212934375 0.3323424265625 0.5947808125 0.33959489375 0.602642846875 0.3773363421875 0.6356642390625 0.4135051625 0.6765476640625 0.4386660578125
2 0.6828375046875 0.40878748906249995 0.7048516234375 0.42136798906250006 0.70327879375 0.44495636093749996 0.719003709375 0.4653995828125 0.74730766875 0.468544628125 0.7677489578125 0.46697221093749997 0.7172268234375 0.3583840921875 0.6922721578125001 0.35689306875 0.662395790625 0.3427400453125 0.6529611375 0.35689306875 0.6828375046875 0.40878748906249995
2 0.775611628125 0.48427017499999997 0.8070606124999999 0.47955260624999996 0.8266018234375 0.4799118703125 0.7771836109375 0.374191190625 0.7221483109375 0.369473515625 0.775611628125 0.48427017499999997
2 0.8400817921874999 0.4716898859375 0.86052308125 0.481125234375 0.8995184890625 0.485120203125 0.844799225 0.385199009375 0.775611628125 0.36318331875 0.8400817921874999 0.4716898859375
2 0.8809654296874999 0.4653995828125 0.9061243640625 0.4889878484375 0.9548700359375 0.4889878484375 0.8872550578125 0.3930619421875 0.84637163125 0.38991668437500004 0.8809654296874999 0.4653995828125
2 1 0.4308033375 0.9847466140625001 0.3993520859375 0.9438625515625001 0.3993520859375 0.8904000828124999 0.39148931249999996 0.9454353828125001 0.48427017499999997 0.9658773078125 0.4937055234375 1 0.49032853750000005 1 0.4308033375
2 0.3454725984375 0.40147653281249995 0.3287478390625 0.39450732187500004 0.3287478390625 0.40844574375000003 0.351047659375 0.419596478125 0.36498505468750003 0.432837971875 0.362894446875 0.445382490625 0.337110265625 0.446079465625 0.3447758390625 0.46280550624999994 0.3566226265625 0.4669870515625 0.380948903125 0.4642803265625 0.37265058125 0.40914267187500003 0.3663787609375 0.41332419375 0.3454725984375 0.40147653281249995
2 0.3169009578125 0.42029340625 0.3294446453125 0.41332419375 0.3203854109375 0.39450732187500004 0.286935703125 0.3854473734375 0.286935703125 0.4056580546875 0.2939043765625 0.4614117203125 0.336323521875 0.4673579390625 0.335019659375 0.44886713125 0.3182948046875 0.43980718281250003 0.3169009578125 0.42029340625
2 0.43536883125000003 0.552011371875 0.42421894375 0.5541021328125 0.40679718906250006 0.5589805828125 0.41167525625 0.578494384375 0.455581003125 0.5789213890625 0.4562749453125 0.5777974796875001 0.4541842921875 0.5624652 0.43536883125000003 0.552011371875
2 0.40470658281249994 0.4858039484375 0.39773790937500003 0.4997423703125 0.4026159765625 0.5185592203125 0.41864397656249996 0.5269222640625 0.440192940625 0.53044899375 0.433278225 0.488591590625 0.420734584375 0.47953164218750005 0.40470658281249994 0.4858039484375