2 1 0.9874875 0.9971875000000001 0.2610328125 0.65943125 1 1 0.9874875
2 0.5989640625 0.9968718750000001 0.9936703124999999 0.0873234375 0.8633359374999999 0 0.424590625 0.005943749999999999 0.2164671875 0.8579921875000001 0.2488109375 0.9968718750000001 0.5989640625 0.9968718750000001
2 0.20381093749999998 0.8279640625000001 0.40119531249999996 0.00046875 0.2220921875 0 0.12084375 0.51266875 0.20381093749999998 0.8279640625000001
2 0.039281250000000004 0.970596875 0.04209375 0.99311875 0.16021875000000002 0.9987484375 0.1925609375 0.8861421875 0.10935312500000001 0.5755874999999999 0.039281250000000004 0.970596875
0 0.9234375 0.4515625 0.05546875 0.08984375
0 0.63984375 0.6578125 0.0453125 0.09609375
0 0.6625 0.1828125 0.06171875 0.096875
0 0.7875 0.09140625 0.03515625 0.0859375
0 0.4265625 0.446875 0.025 0.084375
0 0.296875 0.7578125 0.04609375 0.07109375
0 0.2109375 0.18984375 0.01640625 0.0859375
0 0.1046875 0.8046875 0.025 0.04609375
0 0.19375 0.66640625 0.03671875 0.0765625
0 0.18203125 0.3609375 0.0265625 0.071875
0 0.0734375 0.93125 0.02109375 0.059375