2 0.7453484375 0 0.0024578125 0.2555015625 0 0.418953125 0.5130359375 0.9359375 0.5560171875 0.9359375 1 0.932409375 1 0.5930671875 1 0.5379906250000001 0.8123234374999999 0.0192046875 0.747478125 0 0.7453484375 0
0 0.57109375 0.8296875 0.1234375 0.23125
0 0.421875 0.85 0.109375 0.15234375
0 0.73125 0.79453125 0.121875 0.2234375
0 0.19765625 0.27578125 0.0296875 0.0515625
0 0.24609375 0.53984375 0.0765625 0.0921875
0 0.221875 0.76640625 0.05625 0.0390625
0 0.21640625 0.89765625 0.0359375 0.0703125
0 0.359375 0.8171875 0.028125 0.0625
0 0.38671875 0.4578125 0.0203125 0.02734375
0 0.3859375 0.3171875 0.05 0.059375
0 0.29453125 0.3125 0.0296875 0.021875
0 0.21171875 0.3671875 0.0578125 0.04765625