2 0.2953125 0.58359375 0.39140625 0.1703125
2 0.18671875 0.440625 0.30625 0.10703125
2 0.66484375 0.67578125 0.25 0.15234375
2 0.740625 0.5609375 0.1921875 0.08359375
2 0.203125 0.365625 0.1984375 0.090625
2 0.46015625 0.4765625 0.2140625 0.09765625
2 0.425 0.3640625 0.19609375 0.0875
2 0.5109375 0.4203125 0.16015625 0.065625
2 0.909375 0.71015625 0.16796875 0.15
2 0.0640625 0.575 0.125 0.06953125
2 0.059375 0.52109375 0.1125 0.0703125
2 0.6171875 0.5484375 0.21015625 0.06640625
2 0.078125 0.33984375 0.1484375 0.11953125
2 0.76953125 0.8421875 0.25546875 0.26328125
2 0.803125 0.6140625 0.1484375 0.07421875
2 0.9046875 0.60703125 0.17265625 0.09609375
2 0.8625 0.53203125 0.15703125 0.08203125
2 0.28125 0.3234375 0.25703125 0.11171875
2 0.43828125 0.73203125 0.17421875 0.10234375
2 0.440625 0.79296875 0.2234375 0.0984375
2 0.7609375 0.49609375 0.2015625 0.09921875
2 0.5390625 0.8921875 0.315625 0.20546875
2 0.1125 0.31171875 0.2171875 0.0328125
2 0.5875 0.515625 0.1578125 0.0125
2 0.834375 0.77265625 0.15 0.1421875
2 0.53671875 0.52578125 0.9265625 0.0421875
2 0.453125 0.9421875 0.13359375 0.11015625
2 0.06328125 0.66953125 0.0234375 0.01484375
2 0.7703125 0.44609375 0.20390625 0.08515625
2 0.12890625 0.6375 0.0953125 0.0375