2 0.80448125 0.36516875 0.6471875 0.3733328125 0.5795171875 0.446859375 0.7569890625 0.4551953125 0.80448125 0.36516875
2 1 0.35516562500000004 0.7682359375 0.4451921875 0.9682031249999999 0.4702 1 0.35516562500000004
2 0.9019640624999999 0.7719546875 0.969453125 0.48020312499999995 0.928209375 0.5618937500000001 0.7719859375 0.5685625 0.6407578125 0.7069359375000001 0.9019640624999999 0.7719546875
2 0.482034375 0.643584375 0.42954218749999995 0.6285796875 0.4170453125 0.6585890625 0.6182609375 0.7102703125 0.72074375 0.5152125 0.65325625 0.5535578125 0.555771875 0.558559375 0.482034375 0.643584375
2 0.370803125 0.5402203125 0.2637109375 0.6265984375 0.407046875 0.656921875 0.534525 0.50354375 0.42329375 0.5152125 0.370803125 0.5402203125
2 0.6507562499999999 0.3585 0.5982640625 0.37517187500000004 0.49828124999999995 0.36850312500000004 0.4409375 0.42958281249999997 0.57326875 0.45019375000000006 0.6507562499999999 0.3585
2 0.559521875 0.312109375 0.6878124999999999 0.3066671875 0.7332421874999999 0.247090625 0.559521875 0.312109375
2 0.683125 0.30891718749999997 0.836975 0.31044218749999997 0.87321875 0.2387546875 0.7657375 0.26376093749999996 0.7557390625 0.28876875 0.6932484375 0.28376718749999996 0.683125 0.30891718749999997
2 0.22082812500000001 0.567184375 0.27581875 0.5004984375 0.23832499999999998 0.495496875 0.13468750000000002 0.5839171875 0.250821875 0.618865625 0.3620546875 0.5105015625 0.32705937500000004 0.5004984375 0.22082812500000001 0.567184375
2 0.9981984374999999 0.260428125 0.8682203124999999 0.2487578125 0.83788125 0.3037953125 0.9969484375000001 0.305440625 0.9981984374999999 0.260428125
2 0.95445625 0.6336421875 0.9144625 0.7836859375 0.9144625 0.785353125 0.9981984374999999 0.8036921875 0.9981984374999999 0.573625 0.9807015625 0.590296875 0.95445625 0.6336421875
2 0.38330000000000003 0.3635625 0.3345578125 0.4185796875 0.4357921875 0.43525156249999997 0.49828124999999995 0.373565625 0.38330000000000003 0.3635625
2 0.12834218749999998 0.590296875 0.180834375 0.5336125 0.213328125 0.4869328125 0.140840625 0.47859687500000003 0.027109375 0.5669562499999999 0.12834218749999998 0.590296875
2 0.14958906249999998 0.353559375 0.068353125 0.4152453125 0.1358421875 0.40857656249999996 0.2033296875 0.3635625 0.14958906249999998 0.353559375
2 0.142090625 0.4152453125 0.219578125 0.420246875 0.290815625 0.366896875 0.21832812499999998 0.3585609375 0.139375 0.41500000000000004 0.142090625 0.4152453125
2 0.293315625 0.3618953125 0.22374999999999998 0.4170828125 0.3070625 0.433584375 0.38580000000000003 0.366896875 0.293315625 0.3618953125
2 0.0033640625 0.5619546875 0.027109375 0.5669562499999999 0.1120953125 0.45192187500000003 0.0871 0.44191874999999997 0 0.5108328125 0.0033640625 0.5619546875
2 0.258321875 0.2835390625 0.20656249999999998 0.315 0.27581875 0.3235515625 0.28706718750000004 0.288540625 0.258321875 0.2835390625
2 0.3158109375 0.291875 0.2783171875 0.3268859375 0.3608046875 0.31855 0.3945484375 0.2802046875 0.3158109375 0.291875
2 0.41454531250000004 0.275203125 0.355 0.3191671875 0.442040625 0.32521875 0.49703125000000004 0.27186875 0.41454531250000004 0.275203125
2 0.4495390625 0.3168828125 0.559521875 0.315215625 0.6232609375 0.25353125 0.5882671875 0.2702015625 0.540775 0.27186875 0.48828281249999994 0.308546875 0.4495390625 0.3168828125