2 0.0004463875 0.8285714296875 0.1440320640625 0.6887210828125 0 0.669090425 0.0004463875 0.8285714296875
2 0.1601008515625 0.9457026359375 0.3082904515625 0.699428490625 0.1455356734375 0.6857142875 0.006554809375 0.8564728687500001 0 0.922502978125 0.1601008515625 0.9457026359375
2 0.4850468453125 0.7083514671875 0.3084821015625 0.694642859375 0.16902794062499998 0.9421335 0.42434261093750003 0.9671178609375 0.4850468453125 0.7083514671875
2 0.6760865 0.7208436484375 0.48705353125000006 0.708035715625 0.43148430937500004 0.9760408375 0.7171513 1 0.6760865 0.7208436484375
2 0.9992471015625 0.9617640203125 0.870697071875 0.726197421875 0.679017815625 0.7214285734375 0.7296491703125 0.9974559281250001 0.9974618468750001 0.9938867921875 0.9992471015625 0.9617640203125
2 0.87767853125 0.7303571453125 0.9992471015625 0.95284104375 0.9992471015625 0.729766625 0.87767853125 0.7303571453125
2 0.1476028453125 0.5548764312500001 0.004910673437500001 0.551785715625 0.002984028125 0.6548136078125 0.019052815625 0.6548136078125 0.1476028453125 0.5548764312500001
2 0.2654403953125 0.5566609312499999 0.149999959375 0.551785715625 0.0244089875 0.651244471875 0.1601008515625 0.6655212203125 0.2654403953125 0.5566609312499999
2 0.3886342546875 0.5584455 0.2705356734375 0.554017859375 0.17438411250000002 0.6673057890625 0.317217540625 0.6708751281249999 0.3886342546875 0.5584455
2 0.51539889375 0.562014703125 0.39330353125 0.5607142875 0.32971554687500004 0.6726595609375 0.4886176265625 0.6851517421875 0.51539889375 0.562014703125
2 0.64573445 0.5709376796875001 0.5183035312500001 0.5629464296875 0.49754471562499997 0.6780134015625 0.6618032390625 0.6851517421875 0.64573445 0.5709376796875001
2 0.7849969609375 0.5709376796875001 0.647767815625 0.569642859375 0.6635886296875 0.6887210828125 0.8474865859375 0.6958593546875 0.7849969609375 0.5709376796875001
2 0.9956763203125 0.6583828109375001 0.926045134375 0.5780760203125 0.790624959375 0.5763392875 0.8546284203125 0.7029976953125 0.9956763203125 0.7029976953125 0.9956763203125 0.6583828109375001
2 0.92425960625 0.5798606578125 0.9992471015625 0.653029175 0.9959821015625 0.5785714296875 0.92425960625 0.5798606578125
2 0.9974618468750001 0.49776922968750004 0.004910673437500001 0.47589285937500003 0.0101257265625 0.538814978125 0.9974618468750001 0.5745068843750001 0.9974618468750001 0.49776922968750004
2 0.6778720265625 0.2818332203125 0.05297578125 0.290756196875 0.00267853125 0.2928571453125 0.00476941875 0.4620773234375 1 0.48527705 0.9921055390625 0.46029275468749997 0.6778720265625 0.2818332203125