2 0.7902296875 0.5412250000000001 0.2561109375 0.5983328125 0.4369546875 0.8177203125 0.99241875 0.659484375 0.7902296875 0.5412250000000001
2 0.570265625 0.4229640625 0.1014546875 0.4412859375 0.19699375 0.566209375 0.7391265625 0.51124375 0.570265625 0.4229640625
2 0.4125140625 0.3496765625 0.017025000000000002 0.3530078125 0.0992328125 0.42462968749999996 0.539159375 0.41130468750000004 0.4125140625 0.3496765625
2 0.7825515625 0.517578125 0.7734375 0.5244140625 0.78515625 0.533203125 0.9908859375000001 0.64453125 0.9947921875000001 0.6416015625 0.9934890624999999 0.498046875 0.7825515625 0.517578125
2 0.7524578125 0.512909375 1 0.4829265625 0.8302234374999999 0.4129703125 0.5636 0.41796718750000006 0.7524578125 0.512909375
2 0.4325109375 0.3546734375 0.543603125 0.41796718750000006 0.84133125 0.4096390625 0.7013546875000001 0.3646671875 0.4325109375 0.3546734375
2 0.3836296875 0.3446796875 0.314753125 0.2947109375 0.010359375 0.28305156249999996 0.0081375 0.2913796875 0.010359375 0.3430140625 0.3836296875 0.3446796875
2 0.5747093750000001 0.3080359375 0.3591890625 0.2997078125 0.42362343750000003 0.3530078125 0.6724703125 0.35633906249999997 0.5747093750000001 0.3080359375
2 0.996146875 0.4092828125 0.85555625 0.4139875 0.999321875 0.4711484375 0.996146875 0.4092828125
2 0.8723578125 0.35931406250000003 0.7136546874999999 0.36050312500000004 0.8453781250000001 0.40452343749999997 0.9882125 0.398575 0.8723578125 0.35931406250000003
2 0.7485703125 0.317671875 0.600975 0.3164828125 0.70889375 0.35574374999999997 0.8564875000000001 0.35336406249999996 0.7485703125 0.317671875
2 0.246115625 0.2612171875 0.0108015625 0.24758906249999998 0.004740625 0.2793875 0.2956015625 0.2922578125 0.246115625 0.2612171875
2 0.48345000000000005 0.28014375 0.25924375 0.2642453125 0.3218609375 0.3028578125 0.5561640625 0.304371875 0.48345000000000005 0.28014375
2 0.409725 0.2506171875 0.196628125 0.23547500000000002 0.2430859375 0.2597015625 0.46729062499999996 0.2740875 0.409725 0.2506171875
2 0.0037312499999999998 0.2203328125 0 0.2483453125 0.22995625 0.2597015625 0.1835 0.233203125 0.0037312499999999998 0.2203328125
2 0.1455328125 0.20962343749999998 0.18348906250000002 0.2311375 0.379753125 0.24710000000000001 0.3316125 0.2262796875 0.1455328125 0.20962343749999998
2 0.1733046875 0.2255859375 0.12638906249999998 0.20850624999999998 0.0029625 0.197825 0.0011109375 0.21378750000000002 0.1733046875 0.2255859375
2 0.497325 0.2804125 0.508434375 0.28457656249999996 0.6334140625 0.2838828125 0.575090625 0.26444999999999996 0.42974375 0.256815625 0.497325 0.2804125
2 0.636190625 0.2838828125 0.5083328125000001 0.28402812499999996 0.5815703125 0.31025468749999996 0.7371000000000001 0.3123375 0.636190625 0.2838828125