2 0 0.39828593749999996 0.1876765625 0.9170718750000001 0.253665625 0.936615625 0.9975421875 0.680775 1 0.517321875 0.48662656249999997 0 0 0.0038671875 0 0.343209375 0 0.39828593749999996
0 0.57109375 0.8296875 0.1234375 0.23125
0 0.421875 0.85 0.109375 0.153125
0 0.73125 0.79453125 0.12109375 0.2234375
0 0.19765625 0.275 0.0296875 0.05078125
0 0.24609375 0.540625 0.0765625 0.09296875
0 0.221875 0.76640625 0.05625 0.0390625
0 0.21640625 0.89765625 0.0359375 0.0703125
0 0.359375 0.8171875 0.028125 0.0625
0 0.38671875 0.4578125 0.0203125 0.02734375
0 0.3859375 0.3171875 0.05 0.059375
0 0.29453125 0.3125 0.0296875 0.021875
0 0.21171875 0.36796875 0.0578125 0.0484375