2 0.1635359375 0.4119 0.1322984375 0.409121875 0.1362890625 0.51221875 0.169090625 0.5140703125 0.1635359375 0.4119
2 0.1291625 0.420234375 0.10903125 0.420234375 0.112675 0.503575 0.132471875 0.5045015625 0.1291625 0.420234375
2 0.103125 0.4625 0.0125 0.06640625
2 0.090625 0.46171875 0.00859375 0.0578125
2 0.19943906250000001 0.39992031250000004 0.2062171875 0.46375625 0.24196875 0.4659171875 0.2352 0.4044921875 0.19943906250000001 0.39992031250000004
2 0.202259375 0.46125 0.1964984375 0.40017031249999996 0.1682109375 0.398009375 0.17220312499999998 0.4606703125 0.202259375 0.46125
2 0.20257343749999998 0.468078125 0.171884375 0.46703593750000005 0.17706249999999998 0.536603125 0.2096890625 0.5369125 0.20257343749999998 0.468078125
2 0.20725 0.4697359375 0.2129859375 0.536603125 0.250471875 0.5399984375 0.2417953125 0.4690046875 0.20725 0.4697359375
2 0.76475 0.33655 0.8415546875000001 0.49185468749999994 0.8940515625 0.4929796875 0.81435625 0.3456078125 0.76475 0.33655
2 0.7590109375 0.33717031249999996 0.7070234375 0.328115625 0.7751406249999999 0.48341874999999995 0.8326984375 0.4879171875 0.7590109375 0.33717031249999996
2 0.6995125 0.328115625 0.6432625 0.31973281249999996 0.7106250000000001 0.47891874999999995 0.7710296875 0.48285625000000004 0.6995125 0.328115625
2 0.7027187500000001 0.47891874999999995 0.6358546875 0.31686875 0.5740031250000001 0.307921875 0.6347234375 0.47160624999999995 0.7027187500000001 0.47891874999999995
2 0.49984375 0.29367343749999997 0.5557859374999999 0.46710624999999995 0.630421875 0.47104375000000004 0.5684359375 0.30679687499999997 0.49984375 0.29367343749999997
2 0.55009375 0.46598125 0.49312187500000004 0.29507812499999997 0.4216953125 0.282609375 0.4694484375 0.45866875 0.55009375 0.46598125
2 0.47216718750000003 0.46869531249999996 0.5371359375 0.7078015625 0.62885 0.7004890625 0.553265625 0.47549374999999994 0.47216718750000003 0.46869531249999996
2 0.5603374999999999 0.47431875 0.634859375 0.6999265625 0.7164515625 0.6954281250000001 0.633278125 0.47999375000000005 0.5603374999999999 0.47431875
2 0.6425765625000001 0.48345625 0.7227781249999999 0.694303125 0.797096875 0.694303125 0.7085453125 0.48955624999999997 0.6425765625000001 0.48345625
2 0.71493125 0.48837656249999994 0.8037703125 0.693740625 0.8705 0.6914906249999999 0.7778375 0.49349375 0.71493125 0.48837656249999994
2 0.7841234375 0.49400000000000005 0.875875 0.692615625 0.9384937499999999 0.688678125 0.841403125 0.49686874999999997 0.7841234375 0.49400000000000005
2 0.9992140624999999 0.685865625 0.999465625 0.685303125 0.8989625 0.50249375 0.84778125 0.4989203125 0.9451359374999999 0.689803125 0.9992140624999999 0.685865625
2 0.8197078125000001 0.346390625 0.8998453124999999 0.49349375 0.9507625000000001 0.49686874999999997 0.8660062500000001 0.3551203125 0.8197078125000001 0.346390625
2 0.874271875 0.35552812500000003 0.9564546875 0.49799375 0.9975687499999999 0.49911874999999994 0.9156578124999999 0.3613078125 0.874271875 0.35552812500000003
2 0.9969359375 0.4209328125 0.964678125 0.3708703125 0.9640453125 0.3697453125 0.9240890625 0.3639640625 0.9969359375 0.48674375000000003 0.9969359375 0.4209328125
2 0.9707453125000001 0.37028906250000004 0.9956703125 0.4119328125 0.994721875 0.3759328125 0.9707453125000001 0.37028906250000004
2 0.9981031249999999 0.578715625 0.9562203125 0.506375 0.9053859375 0.5031109375 0.9982468750000001 0.6744749999999999 0.9981031249999999 0.578715625
2 0.99695625 0.5101890625000001 0.9597078124999999 0.5070281249999999 0.9971453125 0.5703515625 0.99695625 0.5101890625000001
2 0.434521875 0.4804828125 0.45874375 0.5785171874999999 0.4833484375 0.5790953125 0.45961875 0.480078125 0.434521875 0.4804828125
2 0.452753125 0.5769968750000001 0.42858906250000006 0.479671875 0.38934531250000004 0.4776421875 0.41056406250000005 0.5770671875 0.452753125 0.5769968750000001
2 0.405115625 0.57496875 0.384553125 0.47601875 0.343940625 0.473178125 0.362878125 0.5762546875 0.405115625 0.57496875
2 0.357478125 0.5734468749999999 0.3386921875 0.473178125 0.29693749999999997 0.4691203125 0.31222500000000003 0.5738203125 0.357478125 0.5734468749999999
2 0.3058484375 0.5709109375 0.29100625 0.468309375 0.24651406250000002 0.46425 0.260203125 0.5685453125000001 0.3058484375 0.5709109375
2 0.2763890625 0.3672609375 0.2373875 0.3619796875 0.245359375 0.455728125 0.2896234375 0.45775781249999997 0.2763890625 0.3672609375
2 0.32225000000000004 0.3733484375 0.28359843749999997 0.368571875 0.2950984375 0.4597875 0.33845000000000003 0.4630328125 0.32225000000000004 0.3733484375
2 0.3278125 0.3746578125 0.3436984375 0.46425 0.3833984375 0.468309375 0.3649171875 0.3818703125 0.3278125 0.3746578125
2 0.3700296875 0.379728125 0.388190625 0.4687140625 0.42720624999999995 0.4719609375 0.4069 0.3875515625 0.3700296875 0.379728125
2 0.412246875 0.3898703125 0.4322265625 0.4719609375 0.45755156250000006 0.473990625 0.4383859375 0.3936390625 0.412246875 0.3898703125