2 0.0022484375 0.8984781249999999 0.1448921875 0.902109375 0.4648390625 0.682446875 0.23021093750000002 0.34478437500000003 0 0.4159859375 0.0022484375 0.8984781249999999
2 0.5714875 0.24130625 0.2636671875 0.3365125 0.5101640625 0.6497703125000001 0.8967671875000001 0.39380000000000004 0.5714875 0.24130625
2 0.9234296875 0.3810921875 0.9967499999999999 0.32844531250000003 0.9967499999999999 0.24493749999999997 0.792784375 0.1813984375 0.612 0.23660312499999997 0.9234296875 0.3810921875
2 0.13955937499999999 0.21770625 0.0036671875 0.243415625 0.000915625 0.40106093749999994 0.2208796875 0.33570625 0.13955937499999999 0.21770625
2 0.2502078125 0.3266296875 0.5634890625 0.23041406250000002 0.41551406249999995 0.165059375 0.1648890625 0.21770625 0.2502078125 0.3266296875
2 0.61548125 0.13056718750000001 0.4503328125 0.1639421875 0.5848187499999999 0.2267828125 0.7687890625 0.1741375 0.61548125 0.13056718750000001
2 0.9144984375 0.1421859375 0.7999234375000001 0.17715625 0.9984125 0.2292 1 0.1615796875 0.9144984375 0.1421859375
2 0.7874109375 0.1738765625 0.905259375 0.1400890625 0.733965625 0.10287187499999999 0.61733125 0.1280328125 0.7874109375 0.1738765625
2 0.834046875 0.08347656249999999 0.7489125 0.0997890625 0.9156531250000001 0.134846875 1 0.1091609375 0.834046875 0.08347656249999999
2 1 0.11283125000000001 0.9279343750000001 0.13650625 0.9233515625000001 0.13694375 0.9987984375 0.15162031250000002 1 0.11283125000000001
2 0.9144984375 0.0667015625 0.8494921874999999 0.080775 0.9984125 0.1054921875 1 0.07980625 0.9144984375 0.0667015625
2 0.9795515625 0.0567421875 0.935153125 0.06438437500000001 0.9984125 0.0729921875 0.9984125 0.05569375 0.9795515625 0.0567421875