2 0.9983328124999999 1 0.9983328124999999 0.4651859375 0.835 0.38222187500000004 0.395 0.59555625 0.7383328125 1 0.9983328124999999 1
2 0.6833328125 1 0.3783328125 0.60148125 0.0016671874999999998 0.7703703125 0.0016671874999999998 1 0.6833328125 1
2 0 0.76148125 0.2683328125 0.6518515625 0.1383328125 0.40592656250000003 0 0.4266671875 0 0.76148125
2 0.0816671875 0.4088890625 0.0466671875 0.340740625 0.0016671874999999998 0.3496296875 0 0.423703125 0.0816671875 0.4088890625
2 0.06 0.3318515625 0.0933328125 0.4 0.46666718749999997 0.3348140625 0.40666718749999997 0.2903703125 0.06 0.3318515625
2 0.15 0.4 0.28666718750000003 0.6370375 0.7333328125 0.43259218749999995 0.5683328125 0.31703749999999997 0.15 0.4
2 0.01 0.3051859375 0.0266671875 0.3318515625 0.33999999999999997 0.3051859375 0.3066671875 0.2725921875 0.01 0.3051859375
2 0.75 0.2874078125 0.5866671875 0.32 0.7366671874999999 0.4296296875 0.875 0.35555625 0.75 0.2874078125
2 0.9400000000000001 0.3318515625 0.8533328125 0.37629687500000003 1 0.45037031250000004 0.9966671874999999 0.340740625 0.9400000000000001 0.3318515625
2 0.6516671875 0.3051859375 0.6025 0.27555625 0.4158328125 0.2888890625 0.46833281250000003 0.3318515625 0.6516671875 0.3051859375
2 0.5492 0.183703125 0.0691671875 0.179259375 0.0008671875000000001 0.1629625 0 0.2918515625 0.6008671875 0.2666671875 0.5892000000000001 0.21925937499999998 0.5492 0.183703125
2 1 0.21728437500000003 0.5958328125000001 0.21728437500000003 0.652778125 0.3086421875 1 0.264196875 1 0.21728437500000003
2 0.775 0.2938265625 0.8763890625 0.36049375 0.965278125 0.32345625 1 0.340740625 0.9972218749999999 0.264196875 0.775 0.2938265625