2 0.359375 0.5265625 0.5203125 0.22890625
2 0.21875 0.3765625 0.4 0.1484375
2 0.8484375 0.590625 0.28359375 0.23125
2 0.14140625 0.3109375 0.2640625 0.13046875
2 0.2546875 0.52421875 0.22265625 0.11953125
2 0.484375 0.78046875 0.35625 0.35703125
2 0.83671875 0.80078125 0.3109375 0.3484375
2 0.6734375 0.6921875 0.309375 0.19296875
2 0.67734375 0.39765625 0.3171875 0.12421875
2 0.83046875 0.47890625 0.31640625 0.1734375
2 0.44296875 0.309375 0.32265625 0.02890625
2 0.103125 0.27421875 0.203125 0.025
2 0.2640625 0.85625 0.134375 0.1703125
2 0.11484375 0.8796875 0.09140625 0.04140625
2 0.51640625 0.35625 0.428125 0.01953125
2 0.10625 0.90703125 0.20703125 0.1859375
2 0.65546875 0.2171875 0.10234375 0.1703125
2 0.6140625 0.365625 0.359375 0.01484375