2 0.5471515625000001 0.99375 0.9046875 0.7545828125 0.9046875 0.7517671874999999 0.65995625 0.5631546875 0.41366875 0.6662921875000001 0.546934375 0.99375 0.5471515625000001 0.99375
2 0.19148125 0.6224421875 0.47603437499999995 0.735859375 0.6357296875 0.6673828125 0.39132656250000003 0.486015625 0.19148125 0.6224421875
2 0.6280421875 0.5484375 0.7671875 0.50751875 0.7671875 0.5067406250000001 0.65250625 0.42410156250000003 0.4881171875 0.49319687500000003 0.6227968749999999 0.5484375 0.6280421875 0.5484375
2 0.9106859375 0.651290625 0.9610265625000001 0.5278453125 0.7838265625 0.4705953125 0.6765218749999999 0.55518125 0.9106859375 0.651290625
2 0.8200125 0.51875 0.991671875 0.46438750000000006 0.9318734375 0.419440625 0.789578125 0.46148437500000006 0.8136671874999999 0.51875 0.8200125 0.51875
2 0.8915171875000001 0.4578125 0.9984375 0.42967656249999997 0.9984375 0.41266406250000004 0.991571875 0.3875 0.991009375 0.3875 0.8582390625 0.43342656249999995 0.89060625 0.4578125 0.8915171875000001 0.4578125
2 0.6998828125000001 0.4609375 0.8373593749999999 0.4199921875 0.7535406250000001 0.38670312500000004 0.6360781249999999 0.416221875 0.6998265625 0.4609375 0.6998828125000001 0.4609375
2 0.6020859375 0.41690625 0.7 0.3886 0.7 0.38765625 0.5947015625 0.35965625 0.5108015625 0.391859375 0.590003125 0.412434375 0.6020859375 0.41690625
2 0.76875 0.3558375 0.70814375 0.339275 0.6208078125000001 0.3588125 0.6805453124999999 0.3811765625 0.76875 0.356428125 0.76875 0.3558375
2 0 0.42675937499999994 0.293309375 0.484375 0.2953125 0.484375 0.2953125 0.46857812499999996 0.29410156249999997 0.41153593749999995 0.10503437499999999 0.382859375 0 0.4265484375 0 0.42675937499999994
2 0.20886875 0.3810515625 0.31484843749999997 0.4209171875 0.473325 0.385525 0.39248906250000004 0.3575140625 0.380696875 0.353321875 0.20886875 0.3810515625
2 0.5875 0.361184375 0.501675 0.3344 0.39712187499999996 0.360334375 0.47972656249999995 0.3796625 0.5875 0.3618125 0.5875 0.361184375
2 0.5125 0.33404531249999997 0.5794078125000001 0.3515625 0.584040625 0.3515625 0.6640625 0.33277968750000003 0.6640625 0.33268906249999997 0.587965625 0.3167640625 0.5125 0.3339453125 0.5125 0.33404531249999997
2 0.3673890625 0.346315625 0.3695734375 0.346875 0.388 0.346875 0.4890625 0.334328125 0.4890625 0.3336890625 0.411975 0.312521875 0.304646875 0.3303484375 0.3673890625 0.346315625
2 0.5094609375 0.2986875 0.4281171875 0.3108734375 0.5006796875 0.32963437500000003 0.5797703125 0.31591562500000003 0.5094609375 0.2986875
2 0.446578125 0.3046875 0.4984375 0.2904703125 0.4984375 0.290165625 0.4272609375 0.28125 0.4184984375 0.28125 0.3547984375 0.295303125 0.43782812499999996 0.3046875 0.446578125 0.3046875
2 0.22570312499999998 0.3045703125 0.290021875 0.3226390625 0.4044703125 0.3091921875 0.343009375 0.294421875 0.22570312499999998 0.3045703125
2 0.434375 0.2806921875 0.38861875 0.2660578125 0.2953375 0.2731703125 0.3492078125 0.28706718750000004 0.434375 0.2812890625 0.434375 0.2806921875
2 0.1796875 0.346834375 0.0001046875 0.36980625 0.078803125 0.4 0.10096093749999999 0.4 0.1796875 0.3922203125 0.1796875 0.346834375
2 0.194596875 0.3772234375 0.3680046875 0.3499109375 0.2939125 0.3297421875 0.11672031249999999 0.341928125 0.194596875 0.3772234375
2 0.2106765625 0.30537187499999996 0.0350625 0.3150359375 0.10284843749999999 0.3410875 0.28067031249999996 0.32427968749999997 0.2106765625 0.30537187499999996
2 0.2803421875 0.3 0.33125 0.2848515625 0.33125 0.2840640625 0.2118984375 0.273321875 0.155778125 0.291390625 0.25817812500000004 0.3 0.2803421875 0.3
2 0.1743171875 0.3109375 0.1983765625 0.3001203125 0.1983765625 0.28793437499999996 0.060782812500000005 0.2859375 0.0533125 0.2859375 0.0000609375 0.3018015625 0.15602031249999998 0.3109375 0.1743171875 0.3109375
2 0.08125 0.34375 0.08125 0.3172796875 0.0650984375 0.31530468749999996 0.0010953125 0.34135624999999997 0.047796875 0.34375 0.08125 0.34375
2 0 0.2669328125 0.04624375 0.2828125 0.131390625 0.2828125 0.132540625 0.2639234375 0 0.2668609375 0 0.2669328125
2 0.2275546875 0.2796875 0.2668359375 0.264384375 0.14040625 0.25598125 0.0987890625 0.269846875 0.2198046875 0.2796875 0.2275546875 0.2796875
2 0.3038265625 0.26875 0.3718640625 0.2642015625 0.329878125 0.2498078125 0.2328234375 0.25663749999999996 0.27193125 0.26875 0.3038265625 0.26875