2 0.828 0.9393078125000001 0.0088890625 0.8066671875000001 0.0081375 0.9959390625 0.8524406250000001 0.9976046875 0.828 0.9393078125000001
2 0.0881234375 0.466271875 0.017221875 0.7795828124999999 0.8080046875000001 0.9243171875 0.6880234375 0.6678109375 0.0881234375 0.466271875
2 0.1236734375 0.299709375 0.092221875 0.465 0.6835796875 0.6644796875 0.6080375 0.5112421875 0.1236734375 0.299709375
2 0.77 0.8150000000000001 0.874659375 1 1 0.9992703125 0.99241875 0.8660203125000001 0.77 0.8150000000000001
2 0.7635671875 0.8143859375 0.99241875 0.8643546875 0.9990828125 0.7844046875 0.9546468750000001 0.7194453125 0.672778125 0.6295828125 0.7635671875 0.8143859375
2 0.86355 0.6078484375000001 0.6061109375 0.5045828125 0.6613609375 0.6195078125 0.950203125 0.7227765625 0.86355 0.6078484375000001
2 0.5547125 0.40630937500000003 0.142221875 0.2066671875 0.1192296875 0.303040625 0.60359375 0.5095765625 0.5547125 0.40630937500000003
2 0.7857859375 0.5145734375 0.5533328125 0.40875000000000006 0.592484375 0.4929203125 0.85021875 0.5978546875 0.7857859375 0.5145734375
2 0.15888906249999998 0.14208281250000002 0.1481140625 0.203103125 0.548046875 0.407975 0.5036109375 0.323028125 0.15888906249999998 0.14208281250000002
2 0.16722187500000002 0.0941671875 0.1636671875 0.136478125 0.51471875 0.33135625 0.4702828125 0.25806874999999996 0.16722187500000002 0.0941671875
2 0.49250156250000005 0.29471250000000004 0.53944375 0.39 0.7835640625 0.5162390625 0.6902453125 0.38465625000000003 0.49250156250000005 0.29471250000000004
2 0.195 0 0.1658890625 0.08484375 0.46806093750000005 0.253071875 0.323640625 0.0048937500000000005 0.195 0
2 0.556934375 0.21143125000000002 0.4061109375 0.13374999999999998 0.4947234375 0.29138125000000004 0.6969109375 0.381325 0.556934375 0.21143125000000002
2 0.3791859375 0.008225 0.3311109375 0.0045828125 0.38585156249999997 0.12481875 0.543603125 0.193109375 0.3791859375 0.008225