2 0.3859375 0.4265625 0.41640625 0.34140625
2 0.5609375 0.35859375 0.36640625 0.26640625
2 0.40625 0.4125 0.4046875 0.334375
2 0.35703125 0.18828125 0.2484375 0.1453125
2 0.76328125 0.28515625 0.24296875 0.19921875
2 0.20234375 0.20546875 0.27421875 0.159375
2 0.18828125 0.528125 0.37265625 0.4578125
2 0.5515625 0.15703125 0.21171875 0.1203125
2 0.88828125 0.2546875 0.20859375 0.13203125
2 0.8890625 0.4453125 0.22109375 0.2359375
2 0.31328125 0.38125 0.21328125 0.18828125
2 0.0890625 0.22890625 0.1734375 0.18671875
2 0.778125 0.540625 0.21328125 0.19765625
2 0.73671875 0.13828125 0.178125 0.09609375
2 0.83125 0.60234375 0.33671875 0.5109375
2 0.6359375 0.13671875 0.1390625 0.084375
2 0.59921875 0.26953125 0.17734375 0.121875
2 0.52890625 0.61640625 0.22578125 0.21953125
2 0.8453125 0.1796875 0.11796875 0.0421875
2 0.06875 0.44765625 0.1328125 0.209375
2 0.2890625 0.809375 0.51875 0.37109375
2 0.74921875 0.853125 0.2046875 0.275