2 0.4703125 0.5734375 0.359375 0.5203125
2 0.3625 0.3203125 0.10625 0.08828125
2 0.471875 0.31328125 0.02578125 0.03671875
2 0.71171875 0.40390625 0.05546875 0.08828125
2 0.6859375 0.51875 0.071875 0.09453125
2 0.55078125 0.49140625 0.065625 0.1015625
2 0.534375 0.40625 0.0421875 0.05234375
2 0.41875 0.41015625 0.01796875 0.02109375
2 0.46484375 0.39296875 0.02265625 0.01953125
2 0.2703125 0.67578125 0.0984375 0.06328125
2 0.38125 0.74921875 0.05078125 0.04296875
2 0.4640625 0.821875 0.034375 0.03359375
2 0.48515625 0.61484375 0.025 0.01796875
2 0.48203125 0.71640625 0.0390625 0.03671875
2 0.51953125 0.6546875 0.0546875 0.03515625
2 0.52578125 0.71484375 0.01875 0.01796875