2 0.5522807953125 0.7217757437500001 0.44305134687500003 0.71774535625 0.43862298749999995 0.9112028437499999 0.44009925625 0.91523323125 0.5522807953125 0.9031421703125 0.5522807953125 0.7217757437500001
1 0.74609375 0.53828125 0.10234375 0.20234375
1 0.61953125 0.4203125 0.09765625 0.17265625
2 0.2609375 0.3859375 0.09609375 0.196875
2 0.14453125 0.29296875 0.1015625 0.2046875
2 0.04375 0.2078125 0.0875 0.20625
2 0.034375 0.42265625 0.06875 0.2015625
1 0.3796875 0.25546875 0.10546875 0.1953125
1 0.39140625 0.084375 0.0890625 0.14609375
1 0.28828125 0.03828125 0.09140625 0.0734375
2 0.2734375 0.17578125 0.09140625 0.18203125
1 0.16640625 0.0953125 0.09609375 0.18828125
1 0.0640625 0.05546875 0.09140625 0.1109375
2 0.12578125 0.515625 0.103125 0.2109375
2 0.10546875 0.771875 0.11171875 0.21796875
1 0.021875 0.6609375 0.04375 0.21484375
1 0.5 0.22265625 0.0921875 0.4453125
1 0.37578125 0.475 0.10703125 0.1953125
1 0.36796875 0.7265625 0.1109375 0.2078125
2 0.2421875 0.6203125 0.10703125 0.21484375
2 0.22890625 0.83828125 0.109375 0.1453125
2 0.61640625 0.159375 0.090625 0.31875
1 0.7328125 0.20234375 0.09921875 0.40234375
1 0.83828125 0.15234375 0.10078125 0.28828125
1 0.94921875 0.1890625 0.1015625 0.378125
1 0.86171875 0.38515625 0.0953125 0.18203125
1 0.87734375 0.63359375 0.10625 0.2078125
1 0.7609375 0.78046875 0.10234375 0.2015625
2 0.89765625 0.84453125 0.11796875 0.1296875
1 0.97265625 0.496875 0.053125 0.2125
1 0.98359375 0.746875 0.0328125 0.2078125
1 0.625 0.66640625 0.09375 0.18671875
2 0.49609375 0.57421875 0.10390625 0.21484375
2 0.6359375 0.87265625 0.115625 0.0734375
1 0.00390625 0.846875 0.0078125 0.11015625