1 0.694933309375 0.893544975 0.38335267812499996 0.33973191875 0.3310947296875 0.40743598593749997 0.61691365625 0.9067535390625 0.694933309375 0.893544975
1 0.569599975 0.893544975 0.31189790624999997 0.4379028671875 0.2617729828125 0.5106847250000001 0.4729377203125 0.89829053125 0.569599975 0.893544975
1 0.343892559375 0.8949052515625 0.4362666421875 0.893544975 0.238310271875 0.5428441171875 0.19031829218750002 0.6054703921875 0.343892559375 0.8949052515625
1 0.11673057656250001 0.7154895 0.219113446875 0.8915200984375 0.30959997499999997 0.8871957687500001 0.3076320171875 0.8864422421875 0.167921971875 0.639322425 0.11673057656250001 0.7154895
1 0.0452758046875 0.815353025 0.087935340625 0.8932126734375 0.1802666421875 0.893544975 0.18071988125 0.8932126734375 0.097533753125 0.7476489578125001 0.0452758046875 0.815353025
1 0.40254942031249996 0.3024947328125 0.741599975 0.895661378125 0.8270119218750001 0.8932126734375 0.451607953125 0.239868459375 0.40254942031249996 0.3024947328125
1 0.8642666421874999 0.8871957687500001 0.9091314953125 0.8085825921875 0.5251955875000001 0.1366197515625 0.4740041921875 0.195860809375 0.8642666421874999 0.8871957687500001
1 0.5795865609375 0.14508275937499998 0.9362666421875 0.7729100546875001 0.9763202984375001 0.701948828125 0.5902514453125 0.03337104375 0.5795865609375 0.14508275937499998
1 0.629711565625 0.006289410937500001 0.6531742781250001 0.04521926875 0.6745040453125 0.0790713015625 0.6979667593750001 0.119693734375 0.997599975 0.6480423296875 1 0.502221715625 0.71289753125 0 0.629711565625 0.006289410937500001
1 0.7640890078125 0.0029041953125 0.997599975 0.40253968437500004 0.9997830109375 0.26017969218750003 0.8504746328125 0.00121161875 0.7640890078125 0.0029041953125
1 0.9027324999999999 0 1 0.17396825625 1 0.0367562609375 0.981652740625 0 0.9027324999999999 0