2 0.64765625 0.7640625 0.70390625 0.471875
2 0.40390625 0.53203125 0.73984375 0.24296875
2 0.2609375 0.38203125 0.52109375 0.12890625
2 0.8875 0.55390625 0.225 0.1609375
2 0.753125 0.45859375 0.4671875 0.140625
2 0.54921875 0.36640625 0.43828125 0.09296875
2 0.396875 0.29140625 0.40859375 0.06796875
2 0.165625 0.28828125 0.33125 0.0875
2 0.09765625 0.22890625 0.19453125 0.0578125
2 0.1203125 0.16875 0.23984375 0.0515625
2 0.16875 0.1984375 0.30546875 0.0515625
2 0.26875 0.24140625 0.35546875 0.0625