2 0.6625 0.74765625 0.16015625 0.14921875
2 0.52109375 0.678125 0.06484375 0.02734375
2 0.4171875 0.64296875 0.046875 0.04609375
2 0.33359375 0.59765625 0.1359375 0.078125
2 0.33046875 0.6859375 0.0390625 0.03125
2 0.54296875 0.36953125 0.128125 0.0796875
2 0.22421875 0.4640625 0.07578125 0.03828125
2 0.16953125 0.59296875 0.13046875 0.096875
2 0.7328125 0.46328125 0.315625 0.37421875
2 0.66015625 0.628125 0.0515625 0.0328125
2 0.571875 0.57578125 0.1515625 0.0828125
2 0.48203125 0.471875 0.03984375 0.0265625
2 0.39609375 0.4890625 0.05546875 0.04765625
2 0.459375 0.5484375 0.02890625 0.01796875
2 0.7140625 0.24375 0.54375 0.13828125
2 0.9678535187499999 0.21464795312499999 0.96547043125 0.2271586953125 0.9702362843750001 0.24860565 0.9867251640625 0.20927717812500002 0.4948636171875 0.1538815609375 0.48533239375 0.169073159375 0.9678535187499999 0.21464795312499999
2 0.1016982109375 0.1265492140625 0.3411717796875 0.15209430625 0.471035478125 0.1681795328125 0.477658228125 0.1530430390625 0.10765536718749999 0.11046401406249999 0.0897842234375 0.12386832968749999 0.1016982109375 0.1265492140625
2 0 0.11225125 0.0897842234375 0.12297475625000001 0.0975023015625 0.1107983765625 0 0.10063416875 0 0.11225125
2 0.22265625 0.29296875 0.084375 0.05
2 0.32890625 0.21171875 0.18828125 0.04375
2 0.6890625 0.15390625 0.07421875 0.0359375
2 0.63515625 0.0734375 0.0515625 0.0484375
2 0.8671875 0.078125 0.265625 0.15625
2 0.70703125 0.0640625 0.04921875 0.02890625
2 0.440625 0.1078125 0.04140625 0.02421875
2 0.33515625 0.07265625 0.08359375 0.025
2 0.12734375 0.028125 0.25390625 0.05625
2 0.01171875 0.3484375 0.02265625 0.021875