2 0.46776306874999996 1 0.6701114234375 0.6280426265625 0.3781415390625 0.5209986765625 0.0908398640625 0.7596398390625 0.2998008359375 0.9977051109374999 0.46776306874999996 1
2 0 0.6518491531249999 0.1020814140625 0.7629463109375 0.3791530640625 0.5248810390624999 0.1966429265625 0.46999372656249994 0 0.5983796296875 0 0.6518491531249999
2 0.5909391578125 0.35730819999999996 0.3897334171875 0.5103325703125 0.5524056109375 0.5586068921875 0.7408671671875 0.36749340625000004 0.5909391578125 0.35730819999999996
2 1 0.2001864484375 0.7442129671875 0.23082010468749997 0.58414639375 0.3562514546875 1 0.3622030859375 1 0.2001864484375
2 0.8573082062499999 0.1296296296875 0.7382220109375 0.2253155546875 0.9994231812500001 0.1955573953125 0.9974394953125 0.0983473953125 0.8573082062499999 0.1296296296875
2 0.9551182703125001 0.050073073437500004 0.860556846875 0.127444309375 0.9928106546875 0.1023151578125 1 0.041476259375000005 0.9551182703125001 0.050073073437500004
2 0.1490315703125 0.46073566718750003 0.0855497328125 0.44486462031249996 0.0028911484375000003 0.49049382656249996 0 0.5963006203125001 0.1966429265625 0.4719777109375 0.1490315703125 0.46073566718750003
2 0.3255902890625 0.3536062953125 0.23379630156250003 0.3483796296875 0.0868722203125 0.4422195515625 0.1939977703125 0.47263893125 0.3407994828125 0.37212245781250003 0.3255902890625 0.3536062953125
2 0.5031415390625 0.2531415328125 0.662837425 0.23655750625 0.7329318812500001 0.1578637140625 0.61191980625 0.1790250796875 0.5031415390625 0.2531415328125
2 0.7218915390625 0.1058201046875 0.6185323328125001 0.1777025015625 0.8579116921875001 0.1267829734375 0.93461885625 0.0619763359375 0.7218915390625 0.1058201046875
2 0.37070106406250003 0.266534390625 0.49156874687499996 0.2577188734375 0.5596794265625 0.20217029531250003 0.4671018703125 0.206799346875 0.37070106406250003 0.266534390625
2 0.5522486828125001 0.1519510578125 0.4618116484375 0.2101058203125 0.5973718109374999 0.18167024062499998 0.6959007859375 0.11884747343749999 0.5522486828125001 0.1519510578125