0 0.91015625 0.23359375 0.15546875 0.1796875
0 0.809375 0.2421875 0.1453125 0.16640625
0 0.70859375 0.240625 0.13203125 0.16328125
0 0.61171875 0.24609375 0.115625 0.16484375
0 0.51328125 0.2484375 0.1015625 0.171875
0 0.4046875 0.25078125 0.10859375 0.17265625
0 0.30859375 0.2515625 0.121875 0.17890625
0 0.20546875 0.25234375 0.140625 0.18671875
0 0.10234375 0.25234375 0.159375 0.1828125
0 0.040625 0.259375 0.08125 0.16796875
0 0.52421875 0.528125 0.04765625 0.109375
0 0.3796875 0.4625 0.0140625 0.09609375
0 0.4171875 0.44609375 0.01875 0.0703125
0 0.384375 0.62421875 0.01875 0.0453125
0 0.28984375 0.41796875 0.04921875 0.09453125
0 0.3296875 0.3828125 0.01640625 0.05
0 0.33515625 0.446875 0.01875 0.05859375
0 0.2140625 0.41015625 0.0171875 0.04765625
0 0.18671875 0.45234375 0.0296875 0.08203125
0 0.09140625 0.525 0.034375 0.1234375
0 0.0453125 0.74140625 0.05234375 0.15234375
0 0.01640625 0.8546875 0.0234375 0.06796875
0 0.125 0.825 0.03125 0.07265625
0 0.146875 0.76015625 0.0203125 0.0421875
0 0.17578125 0.76171875 0.02265625 0.0421875
0 0.0625 0.40703125 0.059375 0.084375
0 0.02265625 0.39296875 0.02421875 0.03046875
0 0.1453125 0.51796875 0.0359375 0.17578125
0 0.6109375 0.53046875 0.0296875 0.1015625
0 0.6109375 0.4203125 0.03828125 0.1015625
0 0.6515625 0.43984375 0.03046875 0.0765625
0 0.66328125 0.534375 0.0203125 0.08984375
0 0.7046875 0.6609375 0.02734375 0.09140625
0 0.6890625 0.9546875 0.025 0.0703125
0 0.72265625 0.9390625 0.02578125 0.0796875
0 0.56484375 0.865625 0.0203125 0.053125
0 0.51875 0.9 0.028125 0.0921875
0 0.4078125 0.90078125 0.02734375 0.14140625
0 0.26484375 0.790625 0.01796875 0.05078125
0 0.21171875 0.82890625 0.03828125 0.03984375
0 0.08515625 0.76328125 0.0265625 0.06640625
0 0.07734375 0.921875 0.03984375 0.08203125
0 0.39921875 0.37734375 0.01328125 0.07890625
0 0.4796875 0.46875 0.02109375 0.0390625
0 0.46796875 0.5234375 0.0203125 0.05078125
0 0.4359375 0.4703125 0.01640625 0.046875
0 0.96875 0.68359375 0.05078125 0.10390625
0 0.9875 0.79765625 0.025 0.0734375
0 0.8484375 0.38046875 0.05 0.0828125
0 0.89140625 0.4390625 0.0171875 0.03828125
0 0.72890625 0.38359375 0.0375 0.03515625
0 0.95234375 0.37734375 0.0265625 0.0453125
0 0.2859375 0.54453125 0.0234375 0.10234375
0 0.2453125 0.49609375 0.025 0.0796875
0 0.29140625 0.71015625 0.01796875 0.0296875
0 0.328125 0.71171875 0.015625 0.01875
0 0.03203125 0.56484375 0.04921875 0.05
0 0.41875 0.690625 0.01953125 0.14609375
0 0.46171875 0.72265625 0.01171875 0.03828125
0 0.7890625 0.846875 0.05859375 0.2921875
0 0.90078125 0.7421875 0.02734375 0.0890625
0 0.77734375 0.66796875 0.103125 0.08203125
0 0.1890625 0.96328125 0.06875 0.071875