0 0.48984375 0.1296875 0.10390625 0.05390625
0 0.19375 0.1578125 0.0609375 0.03515625
0 0.07421875 0.24296875 0.05078125 0.0359375
0 0.403125 0.515625 0.1015625 0.05078125
0 0.62265625 0.39765625 0.040625 0.028125
0 0.7828125 0.49453125 0.07890625 0.04296875
0 0.89453125 0.35078125 0.040625 0.02890625
0 0.89453125 0.28359375 0.025 0.0359375
0 0.953125 0.046875 0.03203125 0.03515625
0 0.2 0.046875 0.04140625 0.0546875
0 0.27890625 0.14453125 0.0359375 0.046875
0 0.33046875 0.178125 0.0578125 0.0390625
0 0.26328125 0.58515625 0.03984375 0.03828125
0 0.1390625 0.7609375 0.06640625 0.065625
0 0.43515625 0.7171875 0.0640625 0.0203125
0 0.73046875 0.79921875 0.05 0.025
0 0.784375 0.8734375 0.0484375 0.03203125
0 0.06640625 0.084375 0.04375 0.05078125
0 0.02109375 0.05390625 0.0421875 0.0203125
0 0.29609375 0.85625 0.09453125 0.1125
0 0.55234375 0.2515625 0.0375 0.02578125
0 0.371875 0.2578125 0.0453125 0.04453125
0 0.6 0.06484375 0.040625 0.02109375
0 0.64609375 0.09375 0.03828125 0.0296875
0 0.78046875 0.02265625 0.059375 0.0328125
0 0.7453125 0.075 0.05859375 0.0328125
0 0.15078125 0.54765625 0.02578125 0.02578125
0 0.140625 0.61640625 0.0546875 0.0515625