0 0.9700179468749999 0.61540125 0.996169246875 0.7407915671875 1 0.6082546109375 0.9927152109374999 0.55303090625 0.967550915625 0.54523464375 0.919195921875 0.5432855109375 0.8994591249999999 0.5673240921875 0.9162354578125 0.60305710625 0.9700179468749999 0.61540125
0 0.23186398281249998 0.8889210390625 0.2367981828125 0.8492899390625 0.20916671875 0.8609843749999999 0.17068012500000002 0.89411854375 0.15834462656249998 0.924654053125 0.174134025 0.9298515578125001 0.23186398281249998 0.8889210390625
0 0.1657459265625 0.6037068171875 0.18844319062499998 0.55043215 0.22248901718749997 0.5108010078125 0.2126206859375 0.495858196875 0.1700101203125 0.4943144890625 0.151436759375 0.5270432828125 0.14255522812500002 0.56537505 0.1657459265625 0.6037068171875
0 0.49979024687500007 0.2717147671875 0.4958428453125 0.3204415921875 0.5153354593749999 0.29256010312499997 0.5590004390625001 0.26131970781249997 0.556039971875 0.25092469687499996 0.5372900421875 0.249625275 0.49979024687500007 0.2717147671875
0 0.46969168281250007 0.5933117140624999 0.4721587828125 0.6394397421875 0.5116323125 0.54133646875 0.522980878125 0.5283426140625 0.531368975 0.6037068171875 0.5451847062499999 0.4997562390625 0.5659082359375 0.5146991359374999 0.57972396875 0.47376861718749996 0.49534878281249994 0.42413904999999996 0.48844161562500005 0.4848133859375 0.49238894687499996 0.5159985140625001 0.46969168281250007 0.5933117140624999
0 0.858998796875 0.770027653125 0.8195770765624999 0.76185835 0.8333410671875001 0.80965875 0.8629462640625001 0.798614028125 0.858998796875 0.770027653125
0 0.94436021875 0.9577883140625 0.946333953125 0.868130921875 0.9006341499999999 0.86419753125 0.8984723921875 0.9051633578124999 0.9182090546874999 1 0.94436021875 0.9577883140625
0 0.8338345 0.4614245171875 0.8599856640624999 0.40360201093750003 0.8515975656249999 0.3626714890625 0.8051422546874999 0.36565951874999997 0.783505775 0.3925572859375 0.8047228734375 0.42179337187500004 0.8338345 0.4614245171875
0 0.6419177390625 0.1916829109375 0.6024212328125 0.23468242187500002 0.632519728125 0.2489756078125 0.6557104234375 0.21584139218749998 0.6419177390625 0.1916829109375
0 0.6004476328125 0.38671006874999997 0.6177172640624999 0.3503273890625 0.614158465625 0.3349577640625 0.5742964703125 0.3925572859375 0.59502 0.4659723109375 0.604394965625 0.4620741828125 0.6004476328125 0.38671006874999997
0 0.8264332703124999 0.3249894328125 0.8451831999999999 0.279511071875 0.8540647328125001 0.2327333328125 0.771831128125 0.220922678125 0.79386760625 0.25092469687499996 0.786466375 0.288606753125 0.8264332703124999 0.3249894328125
0 1 0.2925048828125 0.9184000828125001 0.29694606874999996 0.8925513265625 0.3178428390625 0.9231432546875 0.34318075000000003 0.94436021875 0.3503273890625 0.9645904515625 0.31849250625000003 1 0.33343540312500003 1 0.2925048828125
0 0.59502 0.097597628125 0.567522890625 0.0981156578125 0.5698557046875 0.124884646875 0.5851516015625 0.13203126406250001 0.59748703125 0.12098651875 0.59502 0.097597628125
0 0.25012048125 0.10279517812500001 0.2590020125 0.1287828 0.2955150078125 0.1281331578125 0.2989689078125 0.11903743124999999 0.28120584375 0.10409455625 0.25012048125 0.10279517812500001
0 0.2866334765625 0.09110074375 0.33844236875 0.07550818125 0.305475365625 0.058641975 0.2866334765625 0.09110074375
0 0.6078488656250001 0.10279517812500001 0.6349868937500001 0.0833044390625 0.61859995 0.0659519171875 0.6078488656250001 0.10279517812500001
0 0.4400865546875 0.16516548125 0.4253954203125 0.1697530859375 0.4228169234375 0.18855435 0.45735625312500006 0.1892040609375 0.4400865546875 0.16516548125
0 0.4080143921875 0.2028475359375 0.39319466406250003 0.20776478125 0.3867973609375 0.22688611718749999 0.402586759375 0.23143395781249998 0.42183012499999994 0.2151916828125 0.4080143921875 0.2028475359375