0 0.1996283015625 0.44688925468749996 0.20001729531249998 0.40885406562500004 0.193793559375 0.3756597640625 0.17691799218749998 0.38454887968749996 0.1731775421875 0.41922721718749995 0.1832910546875 0.449655340625 0.1996283015625 0.44688925468749996
0 0.3427735421875 0.67579143125 0.3346049453125 0.622542253125 0.31437792343750004 0.5997211484375 0.30231944374999997 0.609402825 0.3097101078125 0.63084079375 0.2907135109375 0.6350935421874999 0.29298391874999996 0.743563078125 0.3396617015625 0.747020825 0.3427735421875 0.67579143125
0 0.08915750312500001 0.4710933046875 0.0981040859375 0.4773172328125 0.0938253171875 0.49529749843750004 0.0988820734375 0.5022129484375 0.0981040859375 0.53817343125 0.0864346546875 0.618392934375 0.11210742656249999 0.62945775 0.13038958750000001 0.6398309953125 0.1319455078125 0.48630739062500006 0.1233879171875 0.4579539265625 0.1280556796875 0.4199187859375 0.1420590203125 0.4282174203125 0.143614940625 0.38603296249999997 0.12183199687499999 0.34315703124999997 0.0815048265625 0.3394197171875 0.0946032515625 0.39986395625000004 0.0934363234375 0.43997366250000003 0.08915750312500001 0.4710933046875
0 0.073987234375 0.73595610625 0.0802109171875 0.7048364625 0.09421425781250001 0.67371681875 0.0763211421875 0.6363732484375 0.0463695203125 0.61355214375 0.036256009374999995 0.7484039625000001 0.05103730937499999 0.7324983578125 0.056483059375 0.7525531859375 0.073987234375 0.73595610625
0 0.6955798921875 0.3770428546875 0.706471390625 0.372202015625 0.7012527265624999 0.32852647031250004 0.6714630406250001 0.3224105859375 0.6675732125 0.33209226406250003 0.6955798921875 0.3770428546875
0 0.767541559375 0.4226850125 0.7562610671875001 0.44273988906249995 0.7360340437499999 0.4420483203125 0.7702644078125 0.51604394375 0.7877685828125001 0.5741339609375 0.8013829296875 0.5748254328125 0.7963262265625 0.546472065625 0.7974931 0.5139692859375 0.8025499093749999 0.4731679625 0.81460828125 0.4835411640625 0.8348354125 0.5118946249999999 0.8453379171875 0.565835325 0.86945476875 0.5858902484375 0.8702327546875 0.547855109375 0.881513140625 0.54992971875 0.8799572734375 0.5236509625 0.8356132921875 0.40954563437499997 0.8165532499999999 0.40954563437499997 0.7896630906250001 0.3954421265625 0.7737652421875 0.383958303125 0.7757102109375 0.41023715625 0.767541559375 0.4226850125
0 0.9888721515625001 0.469710215625 0.99937465625 0.4621031953125 0.986927184375 0.423376534375 0.974090825 0.37842594375 0.9550306765625001 0.3459232109375 0.9384726140625 0.3456444296875 0.9367486203125001 0.3645949953125 0.9523078281249999 0.377734375 0.970589990625 0.4268342828125 0.9888721515625001 0.469710215625
0 0.42640464375000003 0.3832667828125 0.403065725 0.40747092812499996 0.4069555546875 0.4296004640625 0.4244597296875 0.42406810312500004 0.46063500625 0.4413568 0.4933094484375 0.41231181406250006 0.5034230140625 0.42752585156249995 0.5364864500000001 0.46486937656249994 0.5469889546875 0.4731679625 0.564882121875 0.46072010625 0.521316128125 0.4060878859375 0.5314296390625 0.380500603125 0.5100356359375 0.35283865937500003 0.4885426421875 0.35498149843750004 0.4664697484375 0.3763512859375 0.4466316671875 0.3756597640625 0.42640464375000003 0.3832667828125
0 0.2571975828125 0.410928678125 0.2661441671875 0.43513287187499994 0.253307753125 0.4510384296875 0.2466950765625 0.491148228125 0.26925600781250003 0.5416311781250001 0.30309743125 0.5167354640624999 0.306987259375 0.46417785624999996 0.3217685328125 0.4358243921875 0.327603275 0.39986395625000004 0.30932111406249996 0.4040132265625 0.3081541859375 0.35906258750000003 0.33227103750000003 0.384649871875 0.3338269578125 0.3611372484375 0.33266003125 0.33416687343749996 0.3100991 0.32448524375 0.26707905625 0.33008265 0.24747306406249997 0.35283865937500003 0.2529188140625 0.38119212343750003 0.2571975828125 0.410928678125
0 0.158007275 0.5727508234375 0.15761828125 0.5153524703125 0.16812078749999998 0.482849640625 0.14633784375 0.4572623578125 0.13466835625 0.4876904796875 0.1428370078125 0.560302965625 0.132334503125 0.6543534640625001 0.12260993125 0.6958463546875 0.1288336671875 0.7767574265625 0.22763498124999998 0.7795236078125 0.2206333109375 0.6564280765625 0.24747306406249997 0.679249178125 0.254474734375 0.6107859625 0.2677000875 0.5789747515625 0.2657551734375 0.542322746875 0.2155765546875 0.5250340046875 0.1961756953125 0.5168240125 0.172010615625 0.531949503125 0.1856249609375 0.5506212875000001 0.158007275 0.5727508234375
0 0.5590241640625 0.7200505015625 0.5866419578125 0.7235082484375 0.583919003125 0.697229396875 0.5664148265625 0.6633435734375001 0.56096913125 0.5900395671875 0.5430759625 0.55131285625 0.5158472703125 0.5540790375 0.50845660625 0.605253603125 0.5372412734374999 0.686164678125 0.5590241640625 0.7200505015625
0 0.42599248593750005 0.6578112140625 0.46022284999999996 0.6550450328124999 0.50028795625 0.6799407468750001 0.513902303125 0.6412140390625 0.4928972921875 0.6004127171875 0.4851177421875 0.6100943937500001 0.43960683281249996 0.592114178125 0.424624575 0.5728464234375 0.4061544046875 0.5955719265625 0.40070865468749994 0.6467463984374999 0.42599248593750005 0.6578112140625
0 0.37853671875 0.4268342828125 0.3921510640625 0.40332170625 0.3467184125 0.3658747453125 0.32796910625 0.38603296249999997 0.3314699421875 0.43789904999999996 0.37853671875 0.4268342828125
0 0.38981715625 0.5720592546875001 0.40732133125000003 0.5838156390625 0.421324671875 0.543705790625 0.41548998125000003 0.4800834625 0.3972078203125 0.4503469078125 0.341194459375 0.449655340625 0.325710009375 0.454576890625 0.3310809484375 0.538865 0.35364187812500003 0.5679100328125 0.3703681203125 0.612860575 0.38981715625 0.5720592546875001
0 0.6496569875 0.6107859625 0.6675500484375 0.5762085703125 0.648879 0.5008298578125 0.6239841625 0.4503469078125 0.59753335 0.42890894062499996 0.5856890015625 0.46702631562499997 0.6235951671875 0.67717456875 0.6539357015625 0.7172843203125 0.6656051890625 0.7027617562499999 0.6496569875 0.6107859625
0 0.6683280375 0.4040132265625 0.6718288718750001 0.392256890625 0.6543246953125 0.3645949953125 0.6702730031249999 0.3500724796875 0.6648272015625001 0.3355500109375 0.6527688281249999 0.3189528359375 0.61982765625 0.325414115625 0.6519908421875 0.4593371109375 0.6940008609375 0.49806367968750004 0.6831093640625 0.43513287187499994 0.6683280375 0.4040132265625
0 0.742234565625 0.5948803578125 0.7609057203125 0.56652689375 0.7990259125 0.6329154984375001 0.8332562749999999 0.6363732484375 0.8313114140625 0.60179585625 0.7998039 0.592805746875 0.758571759375 0.48630739062500006 0.7274532375 0.4330582109375 0.7038612703125 0.428121865625 0.6905000265625 0.440665325 0.7006135375 0.4773172328125 0.7266753578125 0.5264171421875 0.742234565625 0.5948803578125
0 0.8554282656250001 0.447580728125 0.8923814765625 0.5264171421875 0.9394483062500001 0.5803578890625001 0.9721226953125001 0.6550450328124999 1 0.6633435734375001 0.9647321390625001 0.544397359375 0.9250559734375001 0.470401784375 0.9347804906249999 0.43651596093749995 0.8951043249999999 0.38672453125 0.8764332749999999 0.40055543125000004 0.8527054171874999 0.4060878859375 0.8554282656250001 0.447580728125
0 0.3796875 0.06015625 0.0296875 0.0453125
0 0.5421875 0.2125 0.034375 0.0421875
0 0.5046875 0.2375 0.05 0.03671875
0 0.446875 0.30078125 0.15546875 0.06171875
0 0.775 0.25 0.0421875 0.0640625
0 0.82734375 0.1828125 0.03203125 0.0296875
0 0.89453125 0.62578125 0.05 0.115625
0 0.74765625 0.38984375 0.03671875 0.09140625
0 0.77578125 0.36875 0.03671875 0.06796875
0 0.54375 0.52578125 0.08359375 0.1921875
0 0.11875 0.271875 0.02734375 0.0515625
0 0.2578125 0.05546875 0.0921875 0.06640625
0 0.7347467015625 0.206434403125 0.74200853125 0.2096989390625 0.7518228437500001 0.20036241875 0.739869590625 0.182146359375 0.7262082859375 0.186700375 0.7347467015625 0.206434403125
0 0.091823903125 0 0.0952390859375 0.0106117234375 0.1191459953125 0.0121296953125 0.12683032656249998 0.0151657390625 0.141345196875 0.01820173125 0.113169253125 0.031863775 0.0943853484375 0.042489824999999995 0.09780053125 0.0713319375 0.0841395703125 0.069813915625 0.0645018125 0.053115878125 0.055109773437499995 0.053115878125 0.04059501875 0.06829594375 0.0260801484375 0.088029971875 0.032910684375 0.10776405156249999 0.0218110546875 0.11231801718750001 0.032056832812500005 0.127498109375 0.049133146875 0.13053412656250002 0.0542560359375 0.1381241859375 0.176397671875 0.21472659218749998 0.20367371250000002 0.197326375 0.20367371250000002 0.179110315625 0.2113580453125 0.16089423281249998 0.197696971875 0.1381241859375 0.1874511953125 0.1153541109375 0.17805915625 0.10169206718749998 0.155860009375 0.09410200937499999 0.136222309375 0.0819579875 0.14817567812500002 0.05159785625 0.14305273125 0.036417739062499996 0.17037476406250002 0.0242737171875 0.166959640625 0.0121296953125 0.175497653125 0 0.091823903125 0
0 0.6100896703124999 0.3293929 0.07647308750000001 0.33371435781250003 0.0260801484375 0.8030105234375 0.7040093703125 0.716484246875 0.6100896703124999 0.3293929
0 1 0.311176790625 0.6143587640625 0.323320865625 0.725982890625 0.707436496875 1 0.6663900843749999 1 0.311176790625