2 0.5540886265625 0.12214153750000001 0.3508841734375 0.15023248281249998 0.2725783890625 0.362611475 0.46820414843749997 0.349145140625 0.5540886265625 0.12214153750000001
2 0.4729755078125 0.3427326328125 0.2649858203125 0.36668270000000003 0.15064362656250002 0.617830309375 0.3876211953125 0.5998751999999999 0.4729755078125 0.3427326328125
2 0.1543546515625 0.6223190437499999 0.032344446875 0.9135802453125 0.281060775 0.9185780203125 0.384440265625 0.600516471875 0.1543546515625 0.6223190437499999
2 0.7634982984375001 0.0881550703125 0.5620509593749999 0.1184864515625 0.47880712968749994 0.3446563640625 0.7030611203125 0.322853746875 0.7634982984375001 0.0881550703125
2 0.47880712968749994 0.3433738625 0.3950263828125 0.5946769265625 0.6314907203125 0.5748662640625 0.7004102828125001 0.31195246249999997 0.47880712968749994 0.3433738625
2 0.28646040781250004 0.9106942421875001 0.5503776015625 0.9070354625 0.6378524375 0.583202634375 0.389211625 0.5998751999999999 0.28646040781250004 0.9106942421875001
2 0.9056443734374999 0.5629308953125001 0.645274634375 0.5748662640625 0.5593901546875 0.8961341765625 0.855214471875 0.8922866265625 0.9056443734374999 0.5629308953125001
2 0.9469306453125 0.28053106250000004 0.7159521765625 0.3132916453125 0.637322415625 0.5780725390625 0.904518571875 0.5530636921875 0.9469306453125 0.28053106250000004
2 1 0.061222446875 0.76605955 0.092512425 0.7120736734374999 0.3087461859375 0.9607145578124999 0.28758484218749997 1 0.061222446875
2 0.24235980000000001 1 0.2662166015625 0.94679323125 0.014448954687500001 0.9539842875 0.0069726609375 0.9737258093750001 0.0069726609375 0.9980934734375 0.24235980000000001 1
2 0.5201589390625 1 0.5482569328125 0.9403806796874999 0.2757231140625 0.9438832765624999 0.25614371406249997 1 0.5201589390625 1
2 0.840900390625 1 0.843606675 0.9308962640624999 0.8340083625 0.9320443968750001 0.54295540625 0.935891859375 0.5403047140624999 1 0.840900390625 1