0 0.22511268593749997 0.764072603125 0.2851610625 0.7130647484375 0.2430358484375 0.6866130515625 0.1842563515625 0.7013084828125 0.22511268593749997 0.764072603125
0 0.45659416875 0.69132128125 0.4791332546875 0.7321687296875 0.5330145828124999 0.707186615625 0.50656369375 0.6851434671875001 0.45659416875 0.69132128125
0 0.4428860296875 0.8291583171875001 0.37061533125 0.8169826562500001 0.373330240625 0.8570794968750001 0.419374203125 0.885000778125 0.46541816875 0.8695706546874999 0.4428860296875 0.8291583171875001
0 0.7044545015625 0.77772440625 0.750498465625 0.7659681421875 0.738742484375 0.7255558046874999 0.6819224968750001 0.685878259375 0.65351236875 0.70424755 0.6368582203125001 0.7167386062500001 0.637837909375 0.7586204265625 0.7044545015625 0.77772440625
0 0.613119740625 0.519363609375 0.629020990625 0.54553736875 0.65547174375 0.5337810015625 0.65645143125 0.5190856203124999 0.613119740625 0.519363609375
0 1 0.78654170625 0.9523078875 0.78213305625 0.8758946890624999 0.7593552171875 0.919979278125 0.8049108953124999 0.9454503437499999 0.8284235265625 1 0.8225453937499999 1 0.78654170625
0 0.12057868593750001 0.8284235265625 0.1597649734375 0.8115238203124999 0.19503264375 0.7762549234375 0.1871954140625 0.7549465671875 0.2038495609375 0.745394578125 0.1822971109375 0.7248210125 0.1538869828125 0.7299644546875 0.13252009375 0.6896678421875 0.10294485 0.7542118765625 0.143110825 0.760090009375 0.09608717343749999 0.8041761031249999 0.12057868593750001 0.8284235265625
0 0.3794336734375 0.5110964124999999 0.3890048359375 0.5330462109375 0.39978099375 0.539659134375 0.43015049687499995 0.5256985953125 0.3794336734375 0.5110964124999999
0 0.5261567703125001 0.5293724531249999 0.5251773515625 0.5609674906250001 0.5117088062499999 0.59211493125 0.5408518124999999 0.6116666093750001 0.5604450234375 0.5852149125 0.5496687312499999 0.5264332859375 0.5261567703125001 0.5293724531249999
0 0.6437157640625 0.7718462749999999 0.5927736328125001 0.738781653125 0.568282253125 0.7160038140625 0.5117088062499999 0.760765725 0.5222382890625 0.7894807734375 0.5829770265625001 0.8122586109375 0.6711462046875 0.7902155640624999 0.6437157640625 0.7718462749999999
0 0.3743099265625 0.339801925 0.43504866406250003 0.35596683906250004 0.44680464531249997 0.3331890015625 0.4164352765625 0.32437175156250003 0.3743099265625 0.339801925
0 0 0.6682438625 0.0617991890625 0.5918278375 0.09063296875 0.5904614921875 0.0902093171875 0.56831520625 0.0412264265625 0.5668456234375 0 0.6381183078125 0 0.6682438625
0 0.10588377812500001 0.6939607671875 0.050043343750000004 0.6800001265625 0.006858718749999999 0.7310038203125 0.0569008875 0.72114725625 0.08433132812500001 0.7380468609374999 0.10588377812500001 0.6939607671875
0 0.255976884375 0.49290858281250005 0.2400969203125 0.47279515156249996 0.197971571875 0.491164390625 0.2342189296875 0.516881346875 0.255976884375 0.49290858281250005
0 0.866647078125 0.5689667843749999 0.8455251859375 0.5264332859375 0.8161356390625001 0.5337810015625 0.798501803125 0.539659134375 0.866647078125 0.5689667843749999
0 0.7573560078125 0.48602100000000004 0.7642135515625 0.499981640625 0.811237203125 0.5110031625 0.863159021875 0.53231151875 0.9107387890625 0.544165196875 0.859240540625 0.50292080625 0.8239728703125 0.49704257343749997 0.8190744328124999 0.4874905328125 0.7573560078125 0.48602100000000004
0 0.5734375 0.33046875 0.06640625 0.02578125
0 0.584375 0.37578125 0.0484375 0.0328125
0 0.47421875 0.40859375 0.0578125 0.03984375
0 0.36015625 0.58203125 0.04765625 0.02265625
0 0.46796875 0.59765625 0.04375 0.03359375
0 0.02578125 0.50546875 0.05078125 0.03515625