2 1 0.61547805 0.25418871875 0.6965939140625 0.40058924375 0.9950599515624999 1 1 1 0.61547805
2 0.7559109796875 0.45676788281249997 0.1490299890625 0.4584986765625 0.25070154843750003 0.6822686250000001 1 0.61547805 0.7559109796875 0.45676788281249997
2 0.5892712312499999 0.356912721875 0.09942681406250001 0.34391534375 0.16341406249999998 0.4640420953125 0.759437853125 0.4613969359375 0.5892712312499999 0.356912721875
2 1 0.4045257765625 0.92879189375 0.3692129625 0.5892712312499999 0.356912721875 0.747975753125 0.4587517765625 1 0.4547840359375 1 0.4045257765625
2 1 0.456106615625 0.757674415625 0.4627195140625 1 0.5998677234375001 1 0.456106615625
2 0.4863315765625 0.29480819999999996 0.5919163890625 0.3582353015625 0.9190240921875 0.37079987812500004 0.7850067265625 0.31326745312500004 0.4863315765625 0.29480819999999996
2 0.481704821875 0.2973964046875 0.0736331640625 0.266534390625 0.1061041640625 0.338396559375 0.5936798249999999 0.3602191953125 0.481704821875 0.2973964046875
2 0.04188713125 0.21445105781249998 0.06554631562499999 0.2649930859375 0.47817806875 0.2868157203125 0.3979440890625 0.24581561093749998 0.04188713125 0.21445105781249998
2 0.027998243750000002 0.17576058125 0.055847771874999994 0.2193639234375 0.40323428124999994 0.2451542984375 0.340634190625 0.20878323906250001 0.027998243750000002 0.17576058125
2 0.42527652031249996 0.2550737140625 0.484349978125 0.2973964046875 0.77971665625 0.3086384015625 0.6756770000000001 0.272267296875 0.42527652031249996 0.2550737140625
2 0.357363321875 0.21593915312499998 0.42086816875000005 0.25573498125 0.6959560437500001 0.2716060296875 0.58133600625 0.23060587500000002 0.357363321875 0.21593915312499998