0 0.5234375 0.81875 0.021875 0.1828125
0 0.58671875 0.72578125 0.0421875 0.27890625
0 0.6640625 0.7375 0.0265625 0.12421875
0 0.74375 0.81953125 0.0265625 0.08359375
0 0.80703125 0.72109375 0.028125 0.08828125
0 0.80078125 0.85703125 0.02265625 0.09375
0 0.91875 0.8234375 0.0171875 0.0703125
2 0.13937564687499998 1 0.17751938125 0.7205907328125 0.1887381265625 0.73299870625 0.1894860265625 0.76136035 0.20594022031249998 0.7737684390624999 0.2858155671875 0.2672063421875 0.1049714625 0.2349008703125 0.096744265625 0.272125315625 0.08253397343749999 0.3199851296875 0.07131522812499999 0.3713903421875 0.0473818875 0.3837985484375 0.03765896875 0.415705171875 0.0578527078125 0.433431034375 0.0675756296875 0.44052141093749997 0.070567228125 0.4901539515625 0.051869387499999996 0.4759731921875 0.018213075000000002 0.6425967328125 0.03765896875 0.6461419515625 0.069819378125 0.6443694046874999 0.084029771875 0.61246278125 0.0974923171875 0.6390516374999999 0.0623402046875 0.819855815625 0.070567228125 0.8517624390625 0.0877693703125 0.8411268968750001 0.11843395625 0.8553076578125 0.1401235484375 0.849989890625 0.14984639375 0.793266965625 0.14087139531249998 0.759587678125 0.1311485515625 0.7241359593750001 0.1513422921875 0.7135004171875 0.1692922859375 0.7383164796874999 0.1057193125 1 0.13937564687499998 1
2 0.3495402078125 0.678048575 0.3450527109375 0.7064100953125 0.35701940468750004 0.7347714937500001 0.348792309375 0.793266965625 0.37945689531250004 0.819855815625 0.39591093593750004 0.796812184375 0.39291939062500003 0.7524973562499999 0.4048859328125 0.697547103125 0.42507977500000005 0.7294537265625001 0.431811071875 0.782631425 0.4542485640625 0.7347714937500001 0.47668605468749997 0.67450335625 0.4826694015625 0.7879491984375 0.517821234375 0.39620664375 0.505106840625 0.3713903421875 0.45499646250000003 0.3448015484375 0.431811071875 0.3199851296875 0.40339023437500005 0.30403193906250003 0.29494223124999996 0.2809881296875 0.230621459375 0.6993196578124999 0.259790146875 0.7170456374999999 0.29868188125 0.7383164796874999 0.3226152203125 0.68691156875 0.3495402078125 0.678048575
2 0.4086256328125 0.80390250625 0.38095269374999996 0.864170528125 0.392171490625 0.9120305828124999 0.425369653125 0.91495585625 0.4325589734375 0.88721428125 0.42208812656249994 0.8340365750000001 0.4086256328125 0.80390250625
2 0.4452735671875 0.84821721875 0.45200481562499994 0.8960772671875 0.47219855468749994 0.8889869515625 0.47668605468749997 0.8694884171874999 0.46845895625 0.8322637875 0.4452735671875 0.84821721875