0 0.38984375 0.5875 0.05703125 0.0609375
0 0.4375 0.39140625 0.0375 0.03515625
0 0.58046875 0.8265625 0.0453125 0.0421875
0 0.7078125 0.65546875 0.028125 0.02734375
0 0.084375 0.2734375 0.03046875 0.02890625
0 0.1671875 0.38515625 0.03515625 0.025
0 0.19296875 0.14609375 0.0234375 0.01953125
0 0.21015625 0.11484375 0.0203125 0.03828125
0 0.22890625 0.21328125 0.03046875 0.02265625
0 0.5609375 0.346875 0.02890625 0.03046875
0 0.678125 0.3796875 0.03359375 0.02578125
0 0.6066051890625 0.4880236171875 0.6247199671875 0.4995416125 0.6259275765625001 0.4913145671875 0.63196578125 0.47815131875 0.6174741546875 0.46992438593749997 0.6078131234375 0.47321511406249994 0.6066051890625 0.4880236171875
0 0.53359375 0.5953125 0.028125 0.02734375
0 0.51328125 0.7015625 0.025 0.021875