0 0.34296875 0.88515625 0.0765625 0.09609375
0 0.271875 0.9546875 0.05859375 0.08984375
0 0.425 0.915625 0.0875 0.11875
0 0.84765625 0.65390625 0.0578125 0.04921875
0 0.82109375 0.7640625 0.04765625 0.0453125
0 0.68828125 0.48984375 0.09609375 0.0703125
0 0.61015625 0.6 0.06953125 0.06796875
0 0.04296875 0.83828125 0.0859375 0.08828125
0 0.04296875 0.484375 0.05234375 0.0546875
0 0.4703125 0.58515625 0.146875 0.15078125
0 0.590625 0.82109375 0.0640625 0.08203125
0 0.9428365859375001 0.805313321875 0.8974479609375001 0.7845811375 0.9027126234375 0.8372882562499999 0.9422096296875001 0.8454387140625 0.9428365859375001 0.805313321875
0 0.6977043015625 0.9131502812500001 0.6519626328125 0.9200213187499999 0.6669845046875 0.9658148046875 0.6933157828125001 0.96393395625 0.6977043015625 0.9131502812500001
0 0.618083334375 0.3783542859375 0.6381454015625 0.42474924375 0.7635327578125 0.4636207234375 0.8362573843750001 0.5137775078125 0.7723097937500001 0.49998433281250004 0.8212107906250001 0.5457523140625 0.8619617078124999 0.5695767921875 0.9114896609375001 0.5702037703125 0.9378211125 0.6366613812499999 1 0.6912068390624999 0.9933847546875001 0.520754953125 0.69519665 0.29684963125 0.5184004734375 0.3419906765625 0.5453587093750001 0.388385634375 0.618083334375 0.3783542859375
0 0.6918689125 0.2611129578125 0.654252775 0.261739934375 0.60033613125 0.2899530875 0.6410870484375 0.3118966328125 0.8191371359374999 0.268636478125 0.73011200625 0.22098760781250001 0.7363813921875 0.23603460781250002 0.6918689125 0.2611129578125
0 1 0.23227286875000003 0.8266602609374999 0.267382565625 1 0.36894991718750003 1 0.23227286875000003
0 0.054901353124999996 0.2680095 0.0592899578125 0.358291590625 0.062035996875 0.37402809062500003 0.08812897343750001 0.3821160265625 0.08687514843750001 0.352022025 0.0774710703125 0.318166240625 0.054901353124999996 0.2680095
0 0.1470610046875 0.5200469875 0.12411274531250001 0.489716578125 0.131387628125 0.5488871171875 0.14956882656249998 0.5883855328125 0.159599775 0.5664419875 0.1470610046875 0.5200469875
0 0.77578125 0.85 0.0734375 0.08046875