4 0.121875 0.6 0.103125 0.11640625
4 0.2078125 0.425 0.12109375 0.05078125
4 0.2515625 0.54296875 0.13203125 0.1109375
4 0.378125 0.5234375 0.10390625 0.14453125
4 0.4265625 0.771875 0.18515625 0.21015625
4 0.6328125 0.5421875 0.121875 0.11640625
4 0.72421875 0.47890625 0.1234375 0.0984375
4 0.6734375 0.809375 0.15234375 0.16640625
4 0.88671875 0.77421875 0.1484375 0.1859375
4 0.7890625 0.434375 0.09375 0.05703125
4 0.746875 0.16875 0.06328125 0.02421875
4 0.8390625 0.1859375 0.065625 0.03671875
4 0.7734375 0.2484375 0.04921875 0.04765625
4 0.8390625 0.2328125 0.05078125 0.04453125
4 0.9 0.234375 0.04375 0.03046875
4 0.8984375 0.2796875 0.05390625 0.02734375
4 0.9171875 0.3390625 0.05390625 0.04609375
4 0.4578125 0.053125 0.03828125 0.025
4 0.521875 0.06953125 0.05625 0.0328125
4 0.5734375 0.06875 0.028125 0.025
4 0.4390625 0.0828125 0.03359375 0.03828125
4 0.459375 0.12421875 0.04375 0.0203125
4 0.3421875 0.0921875 0.01875 0.02421875
4 0.3734375 0.0671875 0.034375 0.028125