4 0.965625 0.7625 0.06875 0.1375
4 0.559375 0.39609375 0.13046875 0.1296875
4 0.3875 0.415625 0.06953125 0.05625
4 0.2296875 0.45 0.07109375 0.05
4 0.1171875 0.47890625 0.0625 0.1109375
4 0.8421875 0.15390625 0.175 0.0828125
4 0.0359375 0.9078125 0.071875 0.184375
4 0.171875 0.940625 0.10703125 0.08359375
4 0.059375 0.50234375 0.07109375 0.1140625
4 0.45234375 0.4890625 0.0671875 0.053125
4 0.678125 0.371875 0.078125 0.06953125
4 0.1875 0.334375 0.084375 0.05
4 0.6578125 0.16015625 0.06640625 0.0734375