4 0.1796875 0.09140625 0.06640625 0.0671875
4 0.28046875 0.30078125 0.0609375 0.0515625
4 0.596875 0.2234375 0.07109375 0.06953125
4 0.90546875 0.12890625 0.0640625 0.0671875
4 0.76015625 0.46171875 0.0671875 0.0546875
4 0.621875 0.7171875 0.04609375 0.08203125
4 0.853125 0.83203125 0.05078125 0.0734375
4 0.259375 0.53203125 0.065625 0.0703125
4 0.31953125 0.8265625 0.0484375 0.05546875
4 0.1125 0.69609375 0.03671875 0.0484375
2 0.15625 0.86875 0.25546875 0.18828125
2 0.46953125 0.5640625 0.1921875 0.18515625
2 0.1296875 0.421875 0.12890625 0.17265625
2 0.43046875 0.859375 0.1046875 0.21015625
2 0.68125 0.903125 0.078125 0.19375
2 0.781015625 0.0328640625 0.8034421875 0.2210125 0.9069625 0.0397703125 0.781015625 0.0328640625
2 0.9414718750000001 0.9805125 0.8793609375000001 0.8873031250000001 0.8093203125 0.9732546875000001 0.9414718750000001 0.9805125
2 0.3 0.0390625 0.16640625 0.05390625