4 0.2109375 0.3171875 0.07890625 0.09921875
4 0.45 0.321875 0.22109375 0.20234375
0 0.70234375 0.2546875 0.1078125 0.29375
0 0.9625 0.146875 0.06875 0.19375
4 0.1171875 0.53125 0.134375 0.12109375
4 0.4671875 0.553125 0.140625 0.178125
4 0.2625 0.84375 0.2125 0.15234375
0 0.765625 0.5359375 0.05703125 0.17109375
4 0.96796875 0.61640625 0.0640625 0.1296875
4 0.5703125 0.1625 0.06015625 0.10859375
0 0.8375 0.26875 0.0625 0.26015625
4 0.2796875 0.56171875 0.15859375 0.1859375
4 0.5515625 0.725 0.06015625 0.09765625
4 0.828125 0.86875 0.1 0.0625
4 0.965625 0.75625 0.05859375 0.103125
4 0.38125 0.15 0.03046875 0.03359375
0 0.87421875 0.55625 0.0390625 0.14453125
4 0.7328125 0.24609375 0.03671875 0.0890625
4 0.5859375 0.38125 0.028125 0.053125
0 0.70625 0.60390625 0.034375 0.1796875