2 0.31171875 0.0546875 0.1984375 0.09296875
2 0.78515625 0.14609375 0.1671875 0.2578125
2 0.1265625 0.40859375 0.15625 0.1328125
2 0.453125 0.5515625 0.17890625 0.17421875
2 0.16875 0.8625 0.27265625 0.17109375
2 0.43984375 0.8609375 0.1015625 0.18671875
2 0.68515625 0.87578125 0.0890625 0.1984375
2 0.8734375 0.92890625 0.096875 0.1140625
2 0.871875 0.74375 0.165625 0.11484375
2 0.73828125 0.55390625 0.1109375 0.1203125
4 0.2703125 0.53828125 0.09609375 0.1015625
4 0.27734375 0.309375 0.1234375 0.07578125
4 0.16875 0.096875 0.08359375 0.078125
4 0.59609375 0.2265625 0.1046875 0.071875
4 0.90625 0.1234375 0.06875 0.09296875
4 0.75234375 0.4484375 0.1203125 0.07578125
4 0.625 0.7203125 0.11796875 0.06875
4 0.85625 0.83359375 0.08125 0.0640625
4 0.3328125 0.834375 0.04765625 0.065625
4 0.11875 0.7046875 0.09609375 0.07734375