5 0.0361327828125 0.38237847343750003 0.0451602078125 0.4310322703125 0.28600563437500004 0.45705761875000006 0.24564767187499997 0.39459680937499997 0.0361327828125 0.38237847343750003
5 0.449544240625 0.45399305781250004 0.450040878125 0.5004332 0.5359640921875 0.50737331875 0.5281529093749999 0.44317744687499994 0.449544240625 0.45399305781250004
5 0.615559865625 0.47569444687500007 0.6336041296875 0.53166360625 0.6830750234375 0.509108315625 0.6257929484375 0.462262675 0.615559865625 0.47569444687500007
5 0.6843769703125 0.4501175 0.6904296578125 0.49088541875 0.6960936953125 0.5247235515625001 0.8379973375 0.5351337984375 0.8223749703125 0.484817965625 0.6843769703125 0.4501175
5 0.17285153281250001 0.241319446875 0.174044978125 0.26967512031249996 0.3068354890625 0.302640521875 0.30813733593750003 0.261000003125 0.17285153281250001 0.241319446875
5 0.347005178125 0.28472222343750003 0.3471933515625 0.31305070156250003 0.4396259015625 0.3338709953125 0.4409277484375 0.304375584375 0.347005178125 0.28472222343750003
5 0.5585937203125 0.341145834375 0.60105745 0.3859216921875 0.715621703125 0.410211978125 0.7013012843750001 0.3564262828125 0.5585937203125 0.341145834375
5 0.2755906578125 1 0.23002530625 0.8890783703125 0.02311195 0.905381946875 0.0269340453125 1 0.2755906578125 1
5 0.39666434375000004 0.9255139640625 0.29654945 0.9379340296875001 0.314646671875 1 0.4266072296875 0.9983848875 0.39666434375000004 0.9255139640625
5 0.6127742765625 1 0.7078106203125001 0.987974775 0.5841331375000001 0.8404977984374999 0.3893228875 0.8750000015625 0.4266072296875 1 0.6127742765625 1
5 0.1167629015625 0.1256682359375 0 0.08072916875 0.0048022453125 0.134343353125 0.119366596875 0.1690438171875 0.1167629015625 0.1256682359375