5 0.6171875 0.5046875 0.06171875 0.01171875
5 0.066403125 0.39404062500000003 0.0478828125 0.4042140625 0.11729062500000001 0.4074453125 0.11755625 0.3980265625 0.066403125 0.39404062500000003
5 0.061343749999999996 0.42801718749999995 0 0.42424062500000004 0.00115 0.4408 0.040503125 0.44485 0.061343749999999996 0.42801718749999995
5 0.33310625 0.4490640625 0.218509375 0.4363953125 0.1656171875 0.4652 0.3148828125 0.4794578125 0.33310625 0.4490640625
5 0.56105625 0.46607031250000003 0.37429999999999997 0.45152187499999996 0.3356796875 0.48248125000000003 0.5455140625 0.5029234375 0.56105625 0.46607031250000003
5 0.48935625 0.5704281250000001 0.26635 0.5368421875 0.24001718749999998 0.5570671875000001 0.47214999999999996 0.5984578125 0.48935625 0.5704281250000001
5 0.24811718749999997 0.6671234375 0.1575703125 0.6353984374999999 0.1189 0.6622343749999999 0.226040625 0.6997125 0.24811718749999997 0.6671234375
5 0.331153125 0.6961234375 0.2643203125 0.6720531249999999 0.23115625 0.701009375 0.311996875 0.7313203125000001 0.331153125 0.6961234375
5 0.3698765625 0.7498125 0.38156406249999997 0.7234140625000001 0.3348140625 0.70776875 0.315009375 0.73058125 0.3698765625 0.7498125
5 0.080590625 0.62089375 0.0016859375 0.614709375 0 0.6254109375 0.0780171875 0.64929375 0.080590625 0.62089375
5 0.2596796875 0.5189265625 0.1310734375 0.48987968750000005 0.07127343750000001 0.5231203125 0.22399062500000003 0.554425 0.2596796875 0.5189265625
5 0.04630625 0.4529859375 0.00045312499999999997 0.47180625000000004 0 0.5031109375 0.058646875 0.5218296875 0.10430312500000001 0.493753125 0.07954687499999999 0.486328125 0.15252656250000002 0.46276875000000006 0.04630625 0.4529859375
5 0.1609296875 0.44635468749999996 0.0721171875 0.4418390625 0.05714375000000001 0.44849843749999996 0.1686671875 0.4584046875 0.1609296875 0.44635468749999996
5 0.0125 0.4484375 0.025 0.00625