5 0.35051875 0.7649953125 0.2289453125 0.8871546875 0.399165625 0.9097875 0.42965937500000007 0.8349359375000001 0.35051875 0.7649953125
5 0.5944796875 0.9196031250000001 0.7099265625 0.691371875 0.6787046875 0.6533328125 0.4885515625 0.7439859375 0.4093296875 0.904878125 0.5944796875 0.9196031250000001
5 0.606309375 0.9159218750000001 0.8372015625 0.923284375 0.9257828124999999 0.7318625 0.886575 0.691371875 0.7319203125 0.7392265625000001 0.652853125 0.8329203125 0.606309375 0.9159218750000001
5 1 0.7155953125 0.93879375 0.71791875 0.8399656249999999 0.922965625 1 0.921740625 1 0.7155953125
5 1 0.3653578125 0.88886875 0.369846875 0.8239921875 0.48438125000000004 0.9997031249999999 0.4880625 1 0.3653578125
5 0.876159375 0.3637125 0.6642546874999999 0.41321250000000004 0.6177859375 0.48438125000000004 0.8210875 0.48560781249999996 0.876159375 0.3637125
5 0.56953125 0.4578125 0.1171875 0.075
5 0.39020625 0.3588765625 0.27795312499999997 0.5599828125 0.3800421875 0.558884375 0.4838703125 0.3662375 0.39020625 0.3588765625
5 0.257334375 0.3686921875 0.1426984375 0.5523156250000001 0.269678125 0.5601125 0.37350625000000004 0.3650125 0.257334375 0.3686921875
5 0.13172343749999998 0.382190625 0.025598437499999998 0.550784375 0.1382578125 0.557659375 0.240634375 0.37605468750000004 0.13172343749999998 0.382190625
5 0.021359375 0.5601125 0.11502343749999999 0.385871875 0 0.3870984375 0.0017546875 0.5564328125 0.021359375 0.5601125
5 0.105584375 0.193228125 0.00018125000000000001 0.2333765625 0.00248125 0.3245234375 0.0337015625 0.32206875 0.105584375 0.193228125
5 0.2057828125 0.233721875 0.09821875 0.2317515625 0.046045312500000005 0.31470625 0.1585875 0.326978125 0.2057828125 0.233721875
5 0.345915625 0.20059062499999997 0.21713437500000002 0.23941875 0.1694796875 0.3171609375 0.27984375 0.3232953125 0.345915625 0.20059062499999997
5 0.48931250000000004 0.1568953125 0.3534984375 0.20707031250000002 0.2909765625 0.31505937500000003 0.4043984375 0.3129640625 0.48931250000000004 0.1568953125
5 0.5940578125 0.1548 0.5069250000000001 0.149478125 0.41431562499999997 0.3129640625 0.511625 0.3119171875 0.5940578125 0.1548