5 0.28429375 0.2998875 0.2426515625 0.2881546875 0.21956250000000002 0.2749546875 0.19193906249999998 0.2661546875 0.1511328125 0.2705125 0.149471875 0.2712875 0.1222609375 0.3270203125 0.1519453125 0.3981515625 0.186165625 0.3981515625 0.23316875 0.40695156250000003 0.27192500000000003 0.41721718750000003 0.2925390625 0.4150171875 0.2921265625 0.376884375 0.329234375 0.3805515625 0.320575 0.303553125 0.28429375 0.2998875
5 0.08905625 0.414284375 0.1117328125 0.40621718749999997 0.11420625 0.2866875 0.088246875 0.2851734375 0.0865828125 0.2874203125 0.070503125 0.33142031250000004 0.0614328125 0.405484375 0.08905625 0.414284375
5 0.22140468750000003 0.261021875 0.22057968749999998 0.247821875 0.08759375 0.23335468750000002 0.0997765625 0.2514890625 0.11750468750000001 0.254421875 0.159559375 0.2558890625 0.19130625 0.25515468750000003 0.21150937500000003 0.2749546875 0.22140468750000003 0.261021875
5 0.3621625 0.264534375 0.35774062500000003 0.256328125 0.3344796875 0.2525671875 0.33082656250000003 0.25496093750000004 0.32275312500000003 0.250515625 0.31465624999999997 0.2555953125 0.314871875 0.256328125 0.3141015625 0.2583796875 0.3621625 0.264534375
5 0.3003453125 0.16204375 0.3030359375 0.168540625 0.30765 0.1678578125 0.3107265625 0.1647796875 0.322453125 0.17196093750000002 0.339178125 0.1846109375 0.3316796875 0.1613609375 0.276890625 0.151103125 0.2781234375 0.1521953125 0.2815046875 0.15760000000000002 0.3003453125 0.16204375
5 0.11448906249999999 0.13127187499999998 0.126215625 0.129903125 0.1344828125 0.13605781249999999 0.1514 0.13127187499999998 0.1508234375 0.1261421875 0.10141718749999999 0.11656875 0.10147187499999999 0.1192953125 0.1033390625 0.124775 0.11141406250000001 0.1251171875 0.11448906249999999 0.13127187499999998
5 0.40315625 0.18977187499999998 0.4087140625 0.18173125 0.408203125 0.17951250000000002 0.3339375 0.16626093749999998 0.3430703125 0.1880609375 0.3757578125 0.2025953125 0.40315625 0.18977187499999998
5 0.4166546875 0.2748390625 0.3846890625 0.267571875 0.37026875000000004 0.2671453125 0.36714375 0.271846875 0.6024265625 0.3141671875 0.5601015625 0.2487640625 0.5531312500000001 0.2466265625 0.5437578125 0.24277812499999998 0.544959375 0.2564578125 0.542796875 0.267571875 0.5036203125000001 0.2568859375 0.489440625 0.23337500000000003 0.4774234375 0.21884062499999998 0.440865625 0.21111093749999998 0.43972812499999997 0.21114531250000002 0.43299843750000006 0.2273890625 0.42602812500000004 0.22140468750000003 0.4274703125 0.24235156249999998 0.44285312499999996 0.251328125 0.43996874999999996 0.2603046875 0.4430921875 0.2727015625 0.43564218749999994 0.2735578125 0.42338437500000003 0.2581671875 0.42338437500000003 0.268428125 0.4166546875 0.2748390625
5 0.3685859375 0.2714203125 0.372671875 0.268428125 0.3553671875 0.21242812500000002 0.35752968749999997 0.2068703125 0.35007968749999996 0.1991765625 0.34625 0.1908125 0.3471953125 0.1906265625 0.34070625 0.1842140625 0.3685859375 0.2714203125
5 0.4613390625 0.292228125 0.4613390625 0.3024875 0.46099687500000003 0.3029921875 0.47119375 0.314884375 0.50291875 0.323434375 0.5315203125 0.33583124999999997 0.5594 0.3486546875 0.5798296875 0.3516484375 0.586559375 0.3392515625 0.5952109375 0.3593421875 0.6206875000000001 0.3721671875 0.6089109374999999 0.33497656249999996 0.5944906249999999 0.3161671875 0.5776656250000001 0.3097546875 0.4613390625 0.292228125
5 0.6012796875 0.3128640625 0.5983968749999999 0.3137203125 0.5980171875 0.3158125 0.611615625 0.34321562499999997 0.6354093749999999 0.37613125 0.6443015625 0.3914796875 0.651753125 0.3940859375 0.6012796875 0.3128640625
5 0.6609375 0.44375 0.015625 0.01953125
5 0.797071875 0.6903406249999999 0.8146171875 0.6877765625000001 0.8172609375000001 0.6638375 0.80625 0.6571578125 0.805484375 0.655715625 0.8009171875 0.6689671875000001 0.791784375 0.6758078125 0.797071875 0.6903406249999999
5 0.6112640625 0.2956296875 0.6140796875000001 0.30453437499999997 0.60594375 0.305090625 0.593134375 0.28736562499999996 0.5918640625 0.28839375 0.590925 0.295071875 0.6071953125 0.317334375 0.7752265625 0.3468296875 0.7411203125 0.30453437499999997 0.7270390625 0.29729843749999996 0.696375 0.295071875 0.6522546874999999 0.281715625 0.6478734375 0.29062031250000003 0.6312890624999999 0.282271875 0.6112640625 0.2956296875
5 0.6689375 0.2485125 0.6833703125 0.268175 0.6896140625 0.26671875 0.689409375 0.2639875 0.705071875 0.2669015625 0.7116234375 0.2676296875 0.6972921875 0.24924062500000002 0.6563453124999999 0.23849843750000002 0.6565078125 0.239378125 0.6628937500000001 0.2483234375 0.6689375 0.2485125
5 0.6059890625000001 0.317815625 0.6965859375 0.4632625 0.8851531250000001 0.47983125 0.7785171875 0.3488078125 0.6050500000000001 0.3171875 0.6059890625000001 0.317815625
5 0.7963546874999999 0.4782046875 0.7694421874999999 0.4785125 0.7639203125 0.48464843750000003 0.8032562499999999 0.534971875 0.8186109374999999 0.5466328125000001 0.8401765625 0.5420296875 0.8410390624999999 0.525153125 0.81966875 0.4888171875 0.819990625 0.48771718750000004 0.7963546874999999 0.4782046875
5 0.836928125 0.487140625 0.8237859375 0.4886375 0.8234406249999999 0.4956953125 0.8493187499999999 0.5334375 0.8632937500000001 0.5389609375 0.8677796875 0.5352796875 0.8672625 0.523925 0.836928125 0.487140625
5 0.7896265625 0.5361796875 0.7703046875 0.512859375 0.7628859375 0.4975171875 0.7605703125 0.484753125 0.7606437500000001 0.48524375 0.7554671875000001 0.4800265625 0.7256203125 0.47726562499999997 0.719928125 0.48923125 0.713371875 0.48677656249999995 0.7201 0.49966406250000006 0.726484375 0.5076421875 0.7282093749999999 0.5058015625000001 0.736834375 0.52053125 0.7844515624999999 0.5552046875000001 0.7896265625 0.5361796875
5 0.7630578125 0.5530406250000001 0.748059375 0.540353125 0.7480484374999999 0.5429140625 0.7670265625 0.5782015625 0.7744453124999999 0.576975 0.7711671875 0.566234375 0.7630578125 0.5530406250000001
5 0.7842781249999999 0.5696109375 0.789971875 0.5843390625 0.8053265625 0.5975328125 0.8105015625 0.607353125 0.8184374999999999 0.606125 0.8137796875 0.5877140625 0.8036015624999999 0.58065625 0.7927078125 0.5675765625 0.7923875 0.5683828125 0.7842781249999999 0.5696109375
5 0.8584625000000001 0.572065625 0.8608781249999999 0.5907828125 0.8603609375 0.6048984374999999 0.8688140625 0.60581875 0.8751984374999999 0.5926234375 0.8720921875000001 0.5736 0.872265625 0.572678125 0.8653640625 0.5619390625 0.8584625000000001 0.572065625
5 0.8372421875 0.6874234375 0.840865625 0.6914125 0.843971875 0.6822078125 0.8419015625 0.6742296875 0.8253390625 0.650909375 0.8144921875 0.6446500000000001 0.8139531249999999 0.6453859375000001 0.8130906250000001 0.649375 0.8372421875 0.6874234375