5 0.04296875 0.8484375 0.0859375 0.046875
5 0.734375 0.8375 0.16484375 0.05859375
5 0.528125 0.8375 0.246875 0.07265625
5 0.2921875 0.85 0.221875 0.04921875
5 0.12890625 0.85234375 0.1109375 0.0421875
5 0.1203125 0.7453125 0.140625 0.05703125
5 0.209375 0.74375 0.125 0.04765625
5 0.3 0.74140625 0.128125 0.0484375
5 0.41796875 0.7375 0.1484375 0.04609375
5 0.5421875 0.73515625 0.18671875 0.0421875
5 0.74375 0.7234375 0.203125 0.05
5 0.8875 0.72109375 0.15234375 0.0546875
5 0.9890625 0.68203125 0.021875 0.0421875
5 0.6686578125 0.42146718749999995 0.5588 0.495340625 0.6351953124999999 0.49818125 0.743790625 0.4205203125 0.67090625 0.419921875 0.6686578125 0.42146718749999995
5 0.8246062500000001 0.4176796875 0.7472953125 0.419921875 0.6434031250000001 0.4924984375 0.7362140625 0.48208124999999996 0.8246062500000001 0.4176796875
5 0.9077125 0.42096406249999996 0.8271312500000001 0.4176796875 0.7387406249999999 0.48492187500000006 0.8119781250000001 0.49155156250000004 0.9077125 0.42096406249999996
5 0.9243609375 0.3485421875 0.82839375 0.36464375000000004 0.7507359375 0.41578593750000004 0.8239750000000001 0.4176796875 0.9243609375 0.3485421875
5 0.9982468750000001 0.354225 0.9982468750000001 0.33623125 0.9325687500000001 0.3447546875 0.8328140625 0.41389062499999996 0.9091015625000001 0.41575468750000005 0.9982468750000001 0.354225
5 0.8193015625 0.365878125 0.7359609375 0.3772421875 0.6829265625 0.4160734375 0.7448 0.41796718750000006 0.8193015625 0.365878125