5 0.7796875 0.35078125 0.078125 0.0796875
5 0.63125 0.35 0.06640625 0.06484375
5 0.6859375 0.4640625 0.09765625 0.071875
5 0.2796875 0.5203125 0.18125 0.07734375
5 0.5109375 0.465625 0.04921875 0.05703125
5 0.9078125 0.509375 0.034375 0.03515625
5 0.7515625 0.5015625 0.05625 0.05234375
5 0.73203125 0.3171875 0.0859375 0.05234375
5 0.42734375 0.3203125 0.0390625 0.046875
5 0.528125 0.325 0.034375 0.03984375
5 0.0578125 0.4328125 0.08125 0.059375
5 0.059375 0.515625 0.05859375 0.05234375
5 0.4171875 0.4234375 0.06640625 0.05703125
5 0.5390625 0.4078125 0.08125 0.05703125
5 0.68125 0.46328125 0.04375 0.0421875
5 0.69375 0.4140625 0.034375 0.071875
5 0.696875 0.50625 0.04921875 0.071875
5 0.81875 0.375 0.05390625 0.05
5 0.42890625 0.5359375 0.0640625 0.04453125
5 0.15859375 0.45625 0.0609375 0.03515625