5 0.7651375 0.22435468749999998 0.795925 0.2250421875 0.78996875 0.25019843750000004 0.772103125 0.269396875 0.7656515625 0.27866562500000003 0.7656515625 0.294553125 0.7740875 0.3005125 0.772103125 0.319709375 0.7716062499999999 0.34155625 0.772103125 0.36141718749999996 0.8108124999999999 0.2124640625 0.76664375 0.22107031250000003 0.7651375 0.22435468749999998
5 0.6693734375 0.236959375 0.6440640625 0.31309062499999996 0.6539890625 0.3177234375 0.676321875 0.25019843750000004 0.689225 0.24291718750000002 0.6862468749999999 0.2601296875 0.7011359374999999 0.2594671875 0.7060984375 0.236296875 0.7060984375 0.23232499999999998 0.6693734375 0.236959375
5 0.6336421875 0.35281093750000003 0.6227234375 0.387234375 0.6331453125000001 0.3852484375 0.6415828125 0.35810624999999996 0.6371156250000001 0.354134375 0.6336421875 0.35281093750000003
5 0.6167687500000001 0.44019531250000005 0.613128125 0.42620625 0.6108125 0.4282796875 0.5998953124999999 0.471309375 0.6008875 0.472634375 0.60833125 0.46932343750000005 0.6167687500000001 0.44019531250000005
5 0.5923093749999999 0.4995890625 0.5639406250000001 0.594190625 0.5693312500000001 0.595703125 0.5976984375 0.5056421875 0.59269375 0.49897187499999995 0.5923093749999999 0.4995890625
5 0.7063453125 0.6059203125 0.5749609375 0.586925 0.5735859375000001 0.5858656250000001 0.565359375 0.6013796874999999 0.7020906250000001 0.6244625 0.7037921875 0.614625 0.7063453125 0.6059203125
5 0.5254187499999999 0.3311671875 0.5276890625 0.3307890625 0.539603125 0.30770624999999996 0.5512328125 0.262296875 0.5577578125 0.2604046875 0.5551015625 0.2549796875 0.5560562499999999 0.25434999999999997 0.5489640625 0.25359375 0.5254187499999999 0.3311671875
5 0.6136421875 0.253215625 0.61165625 0.24413281250000002 0.577615625 0.2501875 0.576734375 0.2516703125 0.579884375 0.2596484375 0.6136421875 0.253215625
5 0.571090625 0.5482375 0.5574749999999999 0.58575625 0.49279687499999997 0.5751609375 0.4576203125 0.5698640625 0.4525140625 0.5823515625 0.5628640625 0.60165 0.6678234375 0.23504062499999998 0.634634375 0.2403375 0.6334796875 0.2412671875 0.6340671875 0.2501875 0.6584625 0.24526875 0.6300953125000001 0.33684375 0.62186875 0.3531140625 0.6213015625 0.363709375 0.61534375 0.380359375 0.606834375 0.40533437499999997 0.6091031250000001 0.4159296875 0.5997421875 0.434471875 0.600025 0.4412828125 0.5983234375 0.4536359375 0.571090625 0.5482375
5 0.49563281249999996 0.42455468749999997 0.4845703125 0.45936875 0.4882578125 0.459746875 0.49506562499999995 0.446125 0.496228125 0.42567656249999997 0.49563281249999996 0.42455468749999997
5 0.47747812500000003 0.5070484375000001 0.47707812499999996 0.49045937500000003 0.474925 0.49077656249999996 0.454784375 0.56078125 0.46017343750000006 0.564565625 0.4689671875 0.5320234375 0.47747812500000003 0.5070484375000001
5 0.471725 0.48169843749999997 0.46718593750000004 0.5040250000000001 0.45612343749999995 0.533540625 0.44761249999999997 0.5656078124999999 0.40052343749999997 0.560309375 0.39399843749999997 0.5701484375 0.39343125 0.5735546874999999 0.44818125000000003 0.5822578125 0.5486015625 0.2550109375 0.5304453125 0.25765937499999997 0.5267578125 0.2622 0.5338499999999999 0.2712828125 0.5304453125 0.2890890625 0.5162625000000001 0.3360109375 0.5131421875 0.3507703125 0.5086031249999999 0.353796875 0.5026453125 0.3776359375 0.5000921875000001 0.39580000000000004 0.48761093750000006 0.4101796875 0.48761093750000006 0.4219109375 0.4850578125 0.42910000000000004 0.4890296875 0.43364062499999995 0.471725 0.48169843749999997
5 0.41045156250000003 0.4059734375 0.45158437500000004 0.27920625 0.4494140625 0.272940625 0.449315625 0.2724359375 0.35541875 0.5656343749999999 0.3764109375 0.5667703125 0.3775453125 0.5641203124999999 0.3650640625 0.556553125 0.3715890625 0.5255234375 0.3837859375 0.5001703125 0.382084375 0.49524999999999997 0.40335937499999996 0.43700312500000005 0.401375 0.42905625000000003 0.41045156250000003 0.4059734375
5 0.3409359375 0.38599843749999996 0.3409359375 0.3765375 0.356253125 0.339075 0.37185625 0.28572031249999996 0.367859375 0.2834375 0.36760000000000004 0.283071875 0.280796875 0.550984375 0.3128515625 0.5574171875 0.318240625 0.5536328125 0.3176734375 0.5460640625 0.28873906250000003 0.543415625 0.2978171875 0.5157921875 0.31625625 0.45600312499999995 0.3216453125 0.4442734375 0.32589999999999997 0.42270312499999996 0.3409359375 0.38599843749999996
5 0.4484484375 0.2728953125 0.4379515625 0.27516562499999997 0.4380796875 0.275871875 0.43057656250000004 0.29669375 0.42603749999999996 0.308425 0.4294421875 0.3182625 0.4010734375 0.4071890625 0.37923125 0.4711390625 0.37724531250000004 0.485140625 0.36675 0.5161703125 0.3568203125 0.5551468749999999 0.32306406249999997 0.5494015625 0.327034375 0.5599968750000001 0.35455156250000003 0.5649171875000001 0.4484484375 0.2728953125
5 0.34554375 0.3216703125 0.34582812500000004 0.32848125 0.3387359375 0.34513125 0.33618281250000004 0.3602671875 0.3324953125 0.3757828125 0.334196875 0.382971875 0.3665359375 0.2861 0.3628484375 0.28685625 0.36181562500000003 0.2871265625 0.3534875 0.2982078125 0.34554375 0.3216703125
5 0.2525 0.5399875 0.25647031249999996 0.5494484374999999 0.2803 0.5509625 0.28256875 0.543015625 0.25222812499999997 0.539165625 0.2525 0.5399875
5 0.224415625 0.5335546875 0.22044375 0.5415015624999999 0.24796093749999998 0.5449078125 0.252215625 0.5373390625 0.224415625 0.5331765625 0.224415625 0.5335546875