5 0.540625 0.471875 0.17734375 0.08046875
5 0.428125 0.74140625 0.21640625 0.1109375
5 0.6765625 0.7953125 0.25078125 0.109375
5 0.91484375 0.8578125 0.1703125 0.134375
5 0.20703125 0.7265625 0.1828125 0.090625
5 0.1109375 0.56484375 0.14375 0.0703125
5 0.7765625 0.496875 0.23671875 0.075
5 0.278125 0.584375 0.17109375 0.06796875
5 0.05390625 0.4515625 0.0890625 0.03984375
5 0.9546875 0.5125 0.08046875 0.03515625
5 0.93671875 0.684375 0.1078125 0.07578125
5 0.3375 0.48203125 0.14140625 0.0328125