5 0.503125 0.721875 0.990625 0.240625
5 0.09068125 0.1333 0.0013953125 0.120725 0 0.1559359375 0.07115 0.16851093749999999 0.09068125 0.1333
5 0.224609375 0.11569375 0.1171875 0.12575468750000002 0.006975 0.24899374999999999 0.13671875 0.24647812500000002 0.224609375 0.11569375
5 0.3703125 0.12792187500000002 0.2420203125 0.11299999999999999 0.1485484375 0.258875 0.2713171875 0.258875 0.3703125 0.1299796875 0.3703125 0.12792187500000002
5 0.43805781250000003 0.2590546875 0.9877234375 0.26408437500000004 0.9974890625 0.2716296875 0.99609375 0.12575468750000002 0.510603125 0.11066406250000001 0.43805781250000003 0.2590546875
5 0.6011437500000001 0.25404375 0.3291015625 0.251528125 0.20354375 0.28170937500000004 0.2998046875 0.3294953125 0.379325 0.324465625 0.372609375 0.365625 0.3941421875 0.365625 0.5439453125 0.354646875 0.6011437500000001 0.25404375
5 0.4078125 0.42890625 0.13671875 0.0578125
5 0.396875 0.56953125 0.165625 0.0671875
5 0.7453125 0.56484375 0.509375 0.0671875
5 0.06015625 0.5671875 0.1140625 0.04375
5 0.184375 0.4328125 0.06171875 0.05
5 0.64375 0.43359375 0.1875 0.2296875
5 0.1546875 0.321875 0.19765625 0.04453125