5 0.6124549828125 0.496443790625 0.641086475 0.4386121 0.5987441484375 0.41820100781249997 0.48062033125000003 0.4928872875 0.6124549828125 0.496443790625
5 0.2148416265625 0.8858793593750001 0.4036288625 0.8983270140625 0.4301160109375 0.84564056875 0.38886336718750003 0.78985413125 0.29710648125 0.80941479375 0.22327907812499997 0.8680969140625001 0.2148416265625 0.8858793593750001
5 0.49999997656249995 0.1516903921875 0.405738265625 0.3239540640625 0.513315309375 0.3239540640625 0.6019082109375 0.151464334375 0.49999997656249995 0.1516903921875
5 0.27073955 0.56223885 0.2844503875 0.560460565625 0.3793713359375 0.5586823484375001 0.4828586265625 0.387455515625 0.4257770703125 0.37196667968749997 0.385699384375 0.3488495125 0.27073955 0.56223885
5 0.6831183234375 0.6635987328125 0.6251110765625 0.6796030953125001 0.559721121875 0.72405920625 0.492221765625 0.750732871875 0.472310103125 0.7455516015625 0.4004648796875 0.8947705796875001 0.61772836875 0.9143312421875001 0.709485253125 0.704498409375 0.6831183234375 0.6635987328125
5 0.9109286640625 0.736506796875 0.9014364718750001 0.704498409375 0.8645227703125 0.709833128125 0.80546094375 0.731172075 0.739016246875 0.7382850140625 0.6999932234374999 0.7916323484375 0.67362629375 0.8183060140625 0.6529535640625 0.8233985765625 0.61772836875 0.9161094593750001 0.8592493843750001 0.93922669375 0.930967465625 0.72050256875 0.9109286640625 0.736506796875
5 0.4004648796875 0.3292887828125 0.49340715 0.1516903921875 0.3561683875 0.19769876875 0.290778434375 0.322175846875 0.4004648796875 0.3292887828125
5 0.2844503875 0.327510565625 0.347046390625 0.202846975 0.2148416265625 0.22615061875000003 0.16527183125 0.32573228125 0.2844503875 0.327510565625
5 0.24947255 0.3741103203125 0.15577971875000002 0.5586823484375001 0.2749582765625 0.5640172031249999 0.373043209375 0.37196667968749997 0.24947255 0.3741103203125
5 0.8508120953124999 0.354184234375 0.7717113062500001 0.4039750640625 0.7548364046875 0.4235357265625 0.6450421703125 0.42971530312499995 0.5997988078125001 0.5035567296875 0.82233568125 0.496443790625 0.8750695421874999 0.3701883921875 0.8508120953124999 0.354184234375
5 0.1294127890625 0.3968620609375 0.0545307234375 0.39152734218749996 0.011288975 0.373744896875 0 0.3879708359375 0.000742203125 0.5657953515624999 0.14839701249999998 0.571130075 0.23496833125 0.39412811406250003 0.2422633 0.3844144015625 0.171599878125 0.3968620609375 0.1294127890625 0.3968620609375