5 0.503125 0.721875 0.990625 0.24140625
5 0 0.15585312499999998 0.0892578125 0.168425 0.090625 0.13391718749999998 0.090625 0.1332078125 0.019503125 0.1206375 0 0.1557984375 0 0.15585312499999998
5 0.224609375 0.11569375 0.1171875 0.12575468750000002 0.006975 0.24899374999999999 0.13671875 0.24647812500000002 0.224609375 0.11569375
5 0.3703125 0.242253125 0.2713171875 0.11335781250000002 0.1485484375 0.11335781250000002 0.2420203125 0.25923281249999997 0.3703125 0.24431250000000002 0.3703125 0.242253125
5 0.43805781250000003 0.2590546875 0.9877234375 0.26408437500000004 0.9974890625 0.2716296875 0.99609375 0.12575468750000002 0.510603125 0.11066406250000001 0.43805781250000003 0.2590546875
5 0.5439453125 0.264065625 0.37235 0.251490625 0.379325 0.294246875 0.2998046875 0.2892171875 0.20354375 0.33700312499999996 0.3226140625 0.365625 0.49776718750000004 0.365625 0.6011437500000001 0.36466875 0.5439453125 0.264065625
5 0.40703125 0.42890625 0.1359375 0.0578125
5 0.396875 0.56953125 0.165625 0.0671875
5 0.7453125 0.56484375 0.509375 0.0671875
5 0.06015625 0.5671875 0.1140625 0.04375
5 0.184375 0.4328125 0.0625 0.05
5 0.64375 0.43359375 0.1875 0.2296875
5 0.15546875 0.32265625 0.1984375 0.0453125