5 0 0.5761375 0.16863125 0.5479296875 0 0.4546203125 0 0.5761375
5 0.0003140625 0.45073125 0.1715453125 0.5469578125 0.32539375000000004 0.51888125 0.080465625 0.40018906249999997 0.0017718749999999998 0.40407656249999996 0.0003140625 0.45073125
5 0.434709375 0.49823281250000007 0.22929218750000002 0.3992171875 0.0995921875 0.40310625 0.3320296875 0.5187703124999999 0.434709375 0.49823281250000007
5 0.4405984375 0.5003031250000001 0.56953125 0.473940625 0.40562343749999996 0.3972734375 0.22929218750000002 0.3982453125 0.4405984375 0.5003031250000001
5 0.578596875 0.4744 0.7220453124999999 0.44074843750000003 0.5790359375 0.39285312499999997 0.40883437499999997 0.3975453125 0.578596875 0.4744
5 0.8232703125 0.41900468750000003 0.7174953125 0.387221875 0.5779984375 0.3912296875 0.7245046875 0.4401984375 0.8232703125 0.41900468750000003
5 0.91380625 0.39730937499999996 0.8633453125000001 0.383334375 0.7271859375 0.3877859375 0.8263031249999999 0.4198390625 0.91380625 0.39730937499999996
5 0.0016390625 0.370878125 0.12177968749999998 0.3726578125 0.00091875 0.3027375 0.0016390625 0.370878125
5 0.10924843749999999 0.3087671875 0.010134375 0.2980515625 0.12751718750000002 0.3712125 0.2262796875 0.3719734375 0.10924843749999999 0.3087671875
5 0.307759375 0.372278125 0.1953328125 0.3140984375 0.115409375 0.3087671875 0.2335828125 0.3727359375 0.307759375 0.372278125
5 0.37484843749999996 0.37608593749999997 0.2712609375 0.32171249999999996 0.1953328125 0.31638125 0.31008125 0.37654375 0.37484843749999996 0.37608593749999997
5 0.5104562500000001 0.378940625 0.4012953125 0.3316125 0.281409375 0.324759375 0.3767484375 0.3773046875 0.5104562500000001 0.378940625
5 0.519540625 0.3786921875 0.6787859375 0.3769765625 0.595746875 0.34969843749999996 0.415721875 0.33523125 0.519540625 0.3786921875
5 0.6826218749999999 0.37559375 0.84431875 0.37935625 0.8065187500000001 0.364478125 0.5995421875 0.34835781250000003 0.6826218749999999 0.37559375