5 0.15502812500000002 0.8514890625 0.0040375 0.5172390625000001 0.0022296875 0.849253125 0.15502812500000002 0.8514890625
5 0.0875 0.2734375 0.109375 0.06875
5 0.875 0.871875 0.15859375 0.06484375
5 0.67890625 0.859375 0.1828125 0.07109375
5 0.2265625 0.828125 0.13359375 0.04765625
5 0.490625 0.65546875 0.07578125 0.0578125
5 0.18125 0.6375 0.096875 0.04296875
5 0.6640625 0.68125 0.06484375 0.028125
5 0.490625 0.8484375 0.09609375 0.04375
5 0.2203125 0.3 0.03984375 0.03984375
5 0.059375 0.1671875 0.103125 0.05625
5 0.3596015625 0.1859375 0.1157640625 0.1469125 0.11167968749999999 0.20428281250000002 0.371775 0.23715156249999997 0.3596015625 0.1859375
5 0.57421875 0.415625 0.1140625 0.05859375
5 0.7234375 0.5515625 0.12578125 0.05234375
5 0.376659375 0.2386109375 0.45409062499999997 0.33281875 0.5871765625 0.3495328125 0.9122296875 0.691415625 0.994478125 0.700271875 0.99208125 0.3343375 0.9057765625 0.2644421875 0.3637546875 0.185428125 0.376659375 0.2386109375