5 0.503125 0.721875 0.990625 0.24140625
5 0 0.1559359375 0.07115 0.16851093749999999 0.09068125 0.1333 0.0013953125 0.120725 0 0.1559359375
5 0.006975 0.24899374999999999 0.13671875 0.24647812500000002 0.224609375 0.11569375 0.1171875 0.12575468750000002 0.006975 0.24899374999999999
5 0.24832656250000001 0.1131796875 0.1478796875 0.2439640625 0.2776234375 0.2590546875 0.37109375 0.1131796875 0.24832656250000001 0.1131796875
5 0.99609375 0.12575468750000002 0.510603125 0.11066406250000001 0.43805781250000003 0.2590546875 0.9877234375 0.26408437500000004 0.9974890625 0.2716296875 0.99609375 0.12575468750000002
5 0.42550156250000004 0.29426562500000003 0.432478125 0.25150937500000003 0.26088125 0.26408437500000004 0.2036828125 0.3646875 0.475725 0.36720312499999996 0.6012828125 0.33702187499999997 0.505021875 0.2892359375 0.42550156250000004 0.29426562500000003
5 0.4078125 0.42890625 0.13671875 0.0578125
5 0.396875 0.5703125 0.165625 0.06796875
5 0.7453125 0.565625 0.50859375 0.06796875
5 0.06015625 0.5671875 0.1140625 0.04296875
5 0.184375 0.4328125 0.06171875 0.05
5 0.64375 0.4328125 0.18828125 0.22890625
5 0.15546875 0.32265625 0.1984375 0.0453125