2 0.294408875 0.3968453953125 0.29416662968749996 0.3358333328125 0.20775664531250002 0.503543 0.276078609375 0.44352560468749996 0.294408875 0.3968453953125
2 0.3941666296875 0.28375 0.38939305156250004 0.3251579328125 0.411056171875 0.34016225 0.4377183859375 0.291814921875 0.3941666296875 0.28375
2 0.46291662968749997 0.2316666671875 0.4677134578125 0.2784776671875 0.5010412546875 0.295149171875 0.5077068437500001 0.2634733484375 0.46291662968749997 0.2316666671875
2 0.6276868703125 0.2634733484375 0.6776785734375 0.25513759375 0.623333296875 0.2316666671875 0.6276868703125 0.2634733484375
2 0.6254166296875 0.28375 0.6593483078125 0.3134878640625 0.7010080578125 0.298483484375 0.6826777921875 0.2751434109375 0.6254166296875 0.28375
2 0.6593483078125 0.39184395781250003 0.654583296875 0.3379166671875 0.5993582921875 0.3518323171875 0.6026910203125 0.3701709484375 0.6193549218750001 0.41184971406250004 0.6593483078125 0.39184395781250003
2 0.7626644328125 0.3935110828125 0.7709963859375 0.3534994421875 0.7226711765625 0.33182649531249997 0.7149999640625 0.2941666671875 0.6860105203125 0.34016225 0.6743458437500001 0.3718381359375 0.7093400046875 0.40851546406250006 0.7626644328125 0.3935110828125
2 0.735833296875 0.1816666671875 0.7360023484375 0.23846608906250003 0.7659971609375 0.23679889531249998 0.7693301453125 0.20345588593750003 0.735833296875 0.1816666671875
2 0.9376353796875 0.210124515625 0.8587499640624999 0.20875 0.8909764109375 0.26180615625 0.95429928125 0.25847190625 0.9642977234375 0.2234617078125 0.9376353796875 0.210124515625
2 0.792083296875 0.21916666718750002 0.7843275578125 0.25847190625 0.8226545734374999 0.26013903125 0.8226545734374999 0.22679602031249999 0.792083296875 0.21916666718750002
2 0.7462499640625 0.26916666718750004 0.7626644328125 0.3101535515625 0.7843275578125 0.28848060468750003 0.7462499640625 0.26916666718750004
2 0.8359857453125 0.3651695109375 0.87097978125 0.3701709484375 0.8993083640625 0.3651695109375 0.9359691453125001 0.3568337546875 0.9343026515625 0.3284921828125 0.9043075828125 0.3051521140625 0.8659805625000001 0.2718090984375 0.8337499640624999 0.2629166671875 0.8176553546875001 0.296816359375 0.8359857453125 0.3151549890625 0.8176553546875001 0.338495125 0.8359857453125 0.3651695109375
2 0.8043241828125 0.461864234375 0.8276537968750001 0.44519272968749996 0.8109898953125001 0.40851546406250006 0.7899999640625001 0.39416666718750004 0.7776620984375 0.41351690156250004 0.754332484375 0.42852121875 0.7626644328125 0.4518613546875 0.8043241828125 0.461864234375
2 0.8943093953125001 0.47019998437500005 0.9076403125000001 0.4501942296875 0.90264134375 0.42018546875 0.8754166296875001 0.39 0.8576486140625 0.41685121875000003 0.8593151046875 0.4401912859375 0.8593151046875 0.46686573437499995 0.8943093953125001 0.47019998437500005