2 0.7375 0.2328125 0.2921875 0.10390625
2 0.603125 0.41640625 0.0890625 0.1484375
2 0.63203125 0.52734375 0.06171875 0.0421875
2 0.6703125 0.59765625 0.09375 0.04921875
2 0.86484375 0.3890625 0.09140625 0.1984375
2 0.815625 0.590625 0.06171875 0.19375
2 0.86875 0.5390625 0.02890625 0.08203125
2 0.93046875 0.33359375 0.02421875 0.09140625
2 0.23671875 0.53203125 0.07421875 0.14609375
2 0.16171875 0.63359375 0.04453125 0.05234375
2 0.134375 0.72265625 0.05390625 0.05234375
2 0.31484375 0.32890625 0.03671875 0.0421875